#!ascii label, from subject  
140
65119 0.000000 0.000000 0.000000 0.000000
65120 0.000000 0.000000 0.000000 0.000000
65121 0.000000 0.000000 0.000000 0.000000
65122 0.000000 0.000000 0.000000 0.000000
65123 0.000000 0.000000 0.000000 0.000000
65124 0.000000 0.000000 0.000000 0.000000
65125 0.000000 0.000000 0.000000 0.000000
65126 0.000000 0.000000 0.000000 0.000000
65127 0.000000 0.000000 0.000000 0.000000
65128 0.000000 0.000000 0.000000 0.000000
65129 0.000000 0.000000 0.000000 0.000000
65130 0.000000 0.000000 0.000000 0.000000
65131 0.000000 0.000000 0.000000 0.000000
65132 0.000000 0.000000 0.000000 0.000000
65133 0.000000 0.000000 0.000000 0.000000
65134 0.000000 0.000000 0.000000 0.000000
65135 0.000000 0.000000 0.000000 0.000000
65136 0.000000 0.000000 0.000000 0.000000
65137 0.000000 0.000000 0.000000 0.000000
65138 0.000000 0.000000 0.000000 0.000000
65139 0.000000 0.000000 0.000000 0.000000
65140 0.000000 0.000000 0.000000 0.000000
65141 0.000000 0.000000 0.000000 0.000000
65142 0.000000 0.000000 0.000000 0.000000
65143 0.000000 0.000000 0.000000 0.000000
65144 0.000000 0.000000 0.000000 0.000000
65145 0.000000 0.000000 0.000000 0.000000
65146 0.000000 0.000000 0.000000 0.000000
65147 0.000000 0.000000 0.000000 0.000000
65148 0.000000 0.000000 0.000000 0.000000
65149 0.000000 0.000000 0.000000 0.000000
65150 0.000000 0.000000 0.000000 0.000000
65151 0.000000 0.000000 0.000000 0.000000
65152 0.000000 0.000000 0.000000 0.000000
65153 0.000000 0.000000 0.000000 0.000000
65154 0.000000 0.000000 0.000000 0.000000
65155 0.000000 0.000000 0.000000 0.000000
65156 0.000000 0.000000 0.000000 0.000000
65157 0.000000 0.000000 0.000000 0.000000
65158 0.000000 0.000000 0.000000 0.000000
65159 0.000000 0.000000 0.000000 0.000000
65160 0.000000 0.000000 0.000000 0.000000
65161 0.000000 0.000000 0.000000 0.000000
65162 0.000000 0.000000 0.000000 0.000000
65163 0.000000 0.000000 0.000000 0.000000
65164 0.000000 0.000000 0.000000 0.000000
65165 0.000000 0.000000 0.000000 0.000000
65166 0.000000 0.000000 0.000000 0.000000
65167 0.000000 0.000000 0.000000 0.000000
65168 0.000000 0.000000 0.000000 0.000000
65169 0.000000 0.000000 0.000000 0.000000
65170 0.000000 0.000000 0.000000 0.000000
65171 0.000000 0.000000 0.000000 0.000000
65172 0.000000 0.000000 0.000000 0.000000
65173 0.000000 0.000000 0.000000 0.000000
65174 0.000000 0.000000 0.000000 0.000000
65175 0.000000 0.000000 0.000000 0.000000
65176 0.000000 0.000000 0.000000 0.000000
65177 0.000000 0.000000 0.000000 0.000000
65178 0.000000 0.000000 0.000000 0.000000
65179 0.000000 0.000000 0.000000 0.000000
65180 0.000000 0.000000 0.000000 0.000000
65181 0.000000 0.000000 0.000000 0.000000
65182 0.000000 0.000000 0.000000 0.000000
65183 0.000000 0.000000 0.000000 0.000000
65184 0.000000 0.000000 0.000000 0.000000
65185 0.000000 0.000000 0.000000 0.000000
65186 0.000000 0.000000 0.000000 0.000000
65187 0.000000 0.000000 0.000000 0.000000
65188 0.000000 0.000000 0.000000 0.000000
65189 0.000000 0.000000 0.000000 0.000000
65190 0.000000 0.000000 0.000000 0.000000
65191 0.000000 0.000000 0.000000 0.000000
65192 0.000000 0.000000 0.000000 0.000000
65193 0.000000 0.000000 0.000000 0.000000
65194 0.000000 0.000000 0.000000 0.000000
65195 0.000000 0.000000 0.000000 0.000000
65196 0.000000 0.000000 0.000000 0.000000
65197 0.000000 0.000000 0.000000 0.000000
65198 0.000000 0.000000 0.000000 0.000000
65199 0.000000 0.000000 0.000000 0.000000
65200 0.000000 0.000000 0.000000 0.000000
65201 0.000000 0.000000 0.000000 0.000000
65202 0.000000 0.000000 0.000000 0.000000
65203 0.000000 0.000000 0.000000 0.000000
65204 0.000000 0.000000 0.000000 0.000000
65205 0.000000 0.000000 0.000000 0.000000
65206 0.000000 0.000000 0.000000 0.000000
65207 0.000000 0.000000 0.000000 0.000000
65208 0.000000 0.000000 0.000000 0.000000
65209 0.000000 0.000000 0.000000 0.000000
65210 0.000000 0.000000 0.000000 0.000000
65211 0.000000 0.000000 0.000000 0.000000
65212 0.000000 0.000000 0.000000 0.000000
65213 0.000000 0.000000 0.000000 0.000000
65214 0.000000 0.000000 0.000000 0.000000
65215 0.000000 0.000000 0.000000 0.000000
65216 0.000000 0.000000 0.000000 0.000000
65217 0.000000 0.000000 0.000000 0.000000
65218 0.000000 0.000000 0.000000 0.000000
65219 0.000000 0.000000 0.000000 0.000000
65220 0.000000 0.000000 0.000000 0.000000
65221 0.000000 0.000000 0.000000 0.000000
65222 0.000000 0.000000 0.000000 0.000000
65223 0.000000 0.000000 0.000000 0.000000
65224 0.000000 0.000000 0.000000 0.000000
65225 0.000000 0.000000 0.000000 0.000000
65226 0.000000 0.000000 0.000000 0.000000
65227 0.000000 0.000000 0.000000 0.000000
65228 0.000000 0.000000 0.000000 0.000000
65229 0.000000 0.000000 0.000000 0.000000
65230 0.000000 0.000000 0.000000 0.000000
65231 0.000000 0.000000 0.000000 0.000000
65232 0.000000 0.000000 0.000000 0.000000
65233 0.000000 0.000000 0.000000 0.000000
65234 0.000000 0.000000 0.000000 0.000000
65235 0.000000 0.000000 0.000000 0.000000
65236 0.000000 0.000000 0.000000 0.000000
65237 0.000000 0.000000 0.000000 0.000000
65238 0.000000 0.000000 0.000000 0.000000
65239 0.000000 0.000000 0.000000 0.000000
65240 0.000000 0.000000 0.000000 0.000000
65241 0.000000 0.000000 0.000000 0.000000
65242 0.000000 0.000000 0.000000 0.000000
65243 0.000000 0.000000 0.000000 0.000000
65244 0.000000 0.000000 0.000000 0.000000
65245 0.000000 0.000000 0.000000 0.000000
65246 0.000000 0.000000 0.000000 0.000000
65247 0.000000 0.000000 0.000000 0.000000
65248 0.000000 0.000000 0.000000 0.000000
65249 0.000000 0.000000 0.000000 0.000000
65250 0.000000 0.000000 0.000000 0.000000
65251 0.000000 0.000000 0.000000 0.000000
65252 0.000000 0.000000 0.000000 0.000000
65253 0.000000 0.000000 0.000000 0.000000
65254 0.000000 0.000000 0.000000 0.000000
65255 0.000000 0.000000 0.000000 0.000000
65256 0.000000 0.000000 0.000000 0.000000
65257 0.000000 0.000000 0.000000 0.000000
65258 0.000000 0.000000 0.000000 0.000000
