#!ascii label, from subject  
135
64984 0.000000 0.000000 0.000000 0.000000
64985 0.000000 0.000000 0.000000 0.000000
64986 0.000000 0.000000 0.000000 0.000000
64987 0.000000 0.000000 0.000000 0.000000
64988 0.000000 0.000000 0.000000 0.000000
64989 0.000000 0.000000 0.000000 0.000000
64990 0.000000 0.000000 0.000000 0.000000
64991 0.000000 0.000000 0.000000 0.000000
64992 0.000000 0.000000 0.000000 0.000000
64993 0.000000 0.000000 0.000000 0.000000
64994 0.000000 0.000000 0.000000 0.000000
64995 0.000000 0.000000 0.000000 0.000000
64996 0.000000 0.000000 0.000000 0.000000
64997 0.000000 0.000000 0.000000 0.000000
64998 0.000000 0.000000 0.000000 0.000000
64999 0.000000 0.000000 0.000000 0.000000
65000 0.000000 0.000000 0.000000 0.000000
65001 0.000000 0.000000 0.000000 0.000000
65002 0.000000 0.000000 0.000000 0.000000
65003 0.000000 0.000000 0.000000 0.000000
65004 0.000000 0.000000 0.000000 0.000000
65005 0.000000 0.000000 0.000000 0.000000
65006 0.000000 0.000000 0.000000 0.000000
65007 0.000000 0.000000 0.000000 0.000000
65008 0.000000 0.000000 0.000000 0.000000
65009 0.000000 0.000000 0.000000 0.000000
65010 0.000000 0.000000 0.000000 0.000000
65011 0.000000 0.000000 0.000000 0.000000
65012 0.000000 0.000000 0.000000 0.000000
65013 0.000000 0.000000 0.000000 0.000000
65014 0.000000 0.000000 0.000000 0.000000
65015 0.000000 0.000000 0.000000 0.000000
65016 0.000000 0.000000 0.000000 0.000000
65017 0.000000 0.000000 0.000000 0.000000
65018 0.000000 0.000000 0.000000 0.000000
65019 0.000000 0.000000 0.000000 0.000000
65020 0.000000 0.000000 0.000000 0.000000
65021 0.000000 0.000000 0.000000 0.000000
65022 0.000000 0.000000 0.000000 0.000000
65023 0.000000 0.000000 0.000000 0.000000
65024 0.000000 0.000000 0.000000 0.000000
65025 0.000000 0.000000 0.000000 0.000000
65026 0.000000 0.000000 0.000000 0.000000
65027 0.000000 0.000000 0.000000 0.000000
65028 0.000000 0.000000 0.000000 0.000000
65029 0.000000 0.000000 0.000000 0.000000
65030 0.000000 0.000000 0.000000 0.000000
65031 0.000000 0.000000 0.000000 0.000000
65032 0.000000 0.000000 0.000000 0.000000
65033 0.000000 0.000000 0.000000 0.000000
65034 0.000000 0.000000 0.000000 0.000000
65035 0.000000 0.000000 0.000000 0.000000
65036 0.000000 0.000000 0.000000 0.000000
65037 0.000000 0.000000 0.000000 0.000000
65038 0.000000 0.000000 0.000000 0.000000
65039 0.000000 0.000000 0.000000 0.000000
65040 0.000000 0.000000 0.000000 0.000000
65041 0.000000 0.000000 0.000000 0.000000
65042 0.000000 0.000000 0.000000 0.000000
65043 0.000000 0.000000 0.000000 0.000000
65044 0.000000 0.000000 0.000000 0.000000
65045 0.000000 0.000000 0.000000 0.000000
65046 0.000000 0.000000 0.000000 0.000000
65047 0.000000 0.000000 0.000000 0.000000
65048 0.000000 0.000000 0.000000 0.000000
65049 0.000000 0.000000 0.000000 0.000000
65050 0.000000 0.000000 0.000000 0.000000
65051 0.000000 0.000000 0.000000 0.000000
65052 0.000000 0.000000 0.000000 0.000000
65053 0.000000 0.000000 0.000000 0.000000
65054 0.000000 0.000000 0.000000 0.000000
65055 0.000000 0.000000 0.000000 0.000000
65056 0.000000 0.000000 0.000000 0.000000
65057 0.000000 0.000000 0.000000 0.000000
65058 0.000000 0.000000 0.000000 0.000000
65059 0.000000 0.000000 0.000000 0.000000
65060 0.000000 0.000000 0.000000 0.000000
65061 0.000000 0.000000 0.000000 0.000000
65062 0.000000 0.000000 0.000000 0.000000
65063 0.000000 0.000000 0.000000 0.000000
65064 0.000000 0.000000 0.000000 0.000000
65065 0.000000 0.000000 0.000000 0.000000
65066 0.000000 0.000000 0.000000 0.000000
65067 0.000000 0.000000 0.000000 0.000000
65068 0.000000 0.000000 0.000000 0.000000
65069 0.000000 0.000000 0.000000 0.000000
65070 0.000000 0.000000 0.000000 0.000000
65071 0.000000 0.000000 0.000000 0.000000
65072 0.000000 0.000000 0.000000 0.000000
65073 0.000000 0.000000 0.000000 0.000000
65074 0.000000 0.000000 0.000000 0.000000
65075 0.000000 0.000000 0.000000 0.000000
65076 0.000000 0.000000 0.000000 0.000000
65077 0.000000 0.000000 0.000000 0.000000
65078 0.000000 0.000000 0.000000 0.000000
65079 0.000000 0.000000 0.000000 0.000000
65080 0.000000 0.000000 0.000000 0.000000
65081 0.000000 0.000000 0.000000 0.000000
65082 0.000000 0.000000 0.000000 0.000000
65083 0.000000 0.000000 0.000000 0.000000
65084 0.000000 0.000000 0.000000 0.000000
65085 0.000000 0.000000 0.000000 0.000000
65086 0.000000 0.000000 0.000000 0.000000
65087 0.000000 0.000000 0.000000 0.000000
65088 0.000000 0.000000 0.000000 0.000000
65089 0.000000 0.000000 0.000000 0.000000
65090 0.000000 0.000000 0.000000 0.000000
65091 0.000000 0.000000 0.000000 0.000000
65092 0.000000 0.000000 0.000000 0.000000
65093 0.000000 0.000000 0.000000 0.000000
65094 0.000000 0.000000 0.000000 0.000000
65095 0.000000 0.000000 0.000000 0.000000
65096 0.000000 0.000000 0.000000 0.000000
65097 0.000000 0.000000 0.000000 0.000000
65098 0.000000 0.000000 0.000000 0.000000
65099 0.000000 0.000000 0.000000 0.000000
65100 0.000000 0.000000 0.000000 0.000000
65101 0.000000 0.000000 0.000000 0.000000
65102 0.000000 0.000000 0.000000 0.000000
65103 0.000000 0.000000 0.000000 0.000000
65104 0.000000 0.000000 0.000000 0.000000
65105 0.000000 0.000000 0.000000 0.000000
65106 0.000000 0.000000 0.000000 0.000000
65107 0.000000 0.000000 0.000000 0.000000
65108 0.000000 0.000000 0.000000 0.000000
65109 0.000000 0.000000 0.000000 0.000000
65110 0.000000 0.000000 0.000000 0.000000
65111 0.000000 0.000000 0.000000 0.000000
65112 0.000000 0.000000 0.000000 0.000000
65113 0.000000 0.000000 0.000000 0.000000
65114 0.000000 0.000000 0.000000 0.000000
65115 0.000000 0.000000 0.000000 0.000000
65116 0.000000 0.000000 0.000000 0.000000
65117 0.000000 0.000000 0.000000 0.000000
65118 0.000000 0.000000 0.000000 0.000000
