#!ascii label, from subject  
315
65259 0.000000 0.000000 0.000000 0.000000
65260 0.000000 0.000000 0.000000 0.000000
65261 0.000000 0.000000 0.000000 0.000000
65262 0.000000 0.000000 0.000000 0.000000
65263 0.000000 0.000000 0.000000 0.000000
65264 0.000000 0.000000 0.000000 0.000000
65265 0.000000 0.000000 0.000000 0.000000
65266 0.000000 0.000000 0.000000 0.000000
65267 0.000000 0.000000 0.000000 0.000000
65268 0.000000 0.000000 0.000000 0.000000
65269 0.000000 0.000000 0.000000 0.000000
65270 0.000000 0.000000 0.000000 0.000000
65271 0.000000 0.000000 0.000000 0.000000
65272 0.000000 0.000000 0.000000 0.000000
65273 0.000000 0.000000 0.000000 0.000000
65274 0.000000 0.000000 0.000000 0.000000
65275 0.000000 0.000000 0.000000 0.000000
65276 0.000000 0.000000 0.000000 0.000000
65277 0.000000 0.000000 0.000000 0.000000
65278 0.000000 0.000000 0.000000 0.000000
65279 0.000000 0.000000 0.000000 0.000000
65280 0.000000 0.000000 0.000000 0.000000
65281 0.000000 0.000000 0.000000 0.000000
65282 0.000000 0.000000 0.000000 0.000000
65283 0.000000 0.000000 0.000000 0.000000
65284 0.000000 0.000000 0.000000 0.000000
65285 0.000000 0.000000 0.000000 0.000000
65286 0.000000 0.000000 0.000000 0.000000
65287 0.000000 0.000000 0.000000 0.000000
65288 0.000000 0.000000 0.000000 0.000000
65289 0.000000 0.000000 0.000000 0.000000
65290 0.000000 0.000000 0.000000 0.000000
65291 0.000000 0.000000 0.000000 0.000000
65292 0.000000 0.000000 0.000000 0.000000
65293 0.000000 0.000000 0.000000 0.000000
65294 0.000000 0.000000 0.000000 0.000000
65295 0.000000 0.000000 0.000000 0.000000
65296 0.000000 0.000000 0.000000 0.000000
65297 0.000000 0.000000 0.000000 0.000000
65298 0.000000 0.000000 0.000000 0.000000
65299 0.000000 0.000000 0.000000 0.000000
65300 0.000000 0.000000 0.000000 0.000000
65301 0.000000 0.000000 0.000000 0.000000
65302 0.000000 0.000000 0.000000 0.000000
65303 0.000000 0.000000 0.000000 0.000000
65304 0.000000 0.000000 0.000000 0.000000
65305 0.000000 0.000000 0.000000 0.000000
65306 0.000000 0.000000 0.000000 0.000000
65307 0.000000 0.000000 0.000000 0.000000
65308 0.000000 0.000000 0.000000 0.000000
65309 0.000000 0.000000 0.000000 0.000000
65310 0.000000 0.000000 0.000000 0.000000
65311 0.000000 0.000000 0.000000 0.000000
65312 0.000000 0.000000 0.000000 0.000000
65313 0.000000 0.000000 0.000000 0.000000
65314 0.000000 0.000000 0.000000 0.000000
65315 0.000000 0.000000 0.000000 0.000000
65316 0.000000 0.000000 0.000000 0.000000
65317 0.000000 0.000000 0.000000 0.000000
65318 0.000000 0.000000 0.000000 0.000000
65319 0.000000 0.000000 0.000000 0.000000
65320 0.000000 0.000000 0.000000 0.000000
65321 0.000000 0.000000 0.000000 0.000000
65322 0.000000 0.000000 0.000000 0.000000
65323 0.000000 0.000000 0.000000 0.000000
65324 0.000000 0.000000 0.000000 0.000000
65325 0.000000 0.000000 0.000000 0.000000
65326 0.000000 0.000000 0.000000 0.000000
65327 0.000000 0.000000 0.000000 0.000000
65328 0.000000 0.000000 0.000000 0.000000
65329 0.000000 0.000000 0.000000 0.000000
65330 0.000000 0.000000 0.000000 0.000000
65331 0.000000 0.000000 0.000000 0.000000
65332 0.000000 0.000000 0.000000 0.000000
65333 0.000000 0.000000 0.000000 0.000000
65334 0.000000 0.000000 0.000000 0.000000
65335 0.000000 0.000000 0.000000 0.000000
65336 0.000000 0.000000 0.000000 0.000000
65337 0.000000 0.000000 0.000000 0.000000
65338 0.000000 0.000000 0.000000 0.000000
65339 0.000000 0.000000 0.000000 0.000000
65340 0.000000 0.000000 0.000000 0.000000
65341 0.000000 0.000000 0.000000 0.000000
65342 0.000000 0.000000 0.000000 0.000000
65343 0.000000 0.000000 0.000000 0.000000
65344 0.000000 0.000000 0.000000 0.000000
65345 0.000000 0.000000 0.000000 0.000000
65346 0.000000 0.000000 0.000000 0.000000
65347 0.000000 0.000000 0.000000 0.000000
65348 0.000000 0.000000 0.000000 0.000000
65349 0.000000 0.000000 0.000000 0.000000
65350 0.000000 0.000000 0.000000 0.000000
65351 0.000000 0.000000 0.000000 0.000000
65352 0.000000 0.000000 0.000000 0.000000
65353 0.000000 0.000000 0.000000 0.000000
65354 0.000000 0.000000 0.000000 0.000000
65355 0.000000 0.000000 0.000000 0.000000
65356 0.000000 0.000000 0.000000 0.000000
65357 0.000000 0.000000 0.000000 0.000000
65358 0.000000 0.000000 0.000000 0.000000
65359 0.000000 0.000000 0.000000 0.000000
65360 0.000000 0.000000 0.000000 0.000000
65361 0.000000 0.000000 0.000000 0.000000
65362 0.000000 0.000000 0.000000 0.000000
65363 0.000000 0.000000 0.000000 0.000000
65364 0.000000 0.000000 0.000000 0.000000
65365 0.000000 0.000000 0.000000 0.000000
65366 0.000000 0.000000 0.000000 0.000000
65367 0.000000 0.000000 0.000000 0.000000
65368 0.000000 0.000000 0.000000 0.000000
65369 0.000000 0.000000 0.000000 0.000000
65370 0.000000 0.000000 0.000000 0.000000
65371 0.000000 0.000000 0.000000 0.000000
65372 0.000000 0.000000 0.000000 0.000000
65373 0.000000 0.000000 0.000000 0.000000
65374 0.000000 0.000000 0.000000 0.000000
65375 0.000000 0.000000 0.000000 0.000000
65376 0.000000 0.000000 0.000000 0.000000
65377 0.000000 0.000000 0.000000 0.000000
65378 0.000000 0.000000 0.000000 0.000000
65379 0.000000 0.000000 0.000000 0.000000
65380 0.000000 0.000000 0.000000 0.000000
65381 0.000000 0.000000 0.000000 0.000000
65382 0.000000 0.000000 0.000000 0.000000
65383 0.000000 0.000000 0.000000 0.000000
65384 0.000000 0.000000 0.000000 0.000000
65385 0.000000 0.000000 0.000000 0.000000
65386 0.000000 0.000000 0.000000 0.000000
65387 0.000000 0.000000 0.000000 0.000000
65388 0.000000 0.000000 0.000000 0.000000
65389 0.000000 0.000000 0.000000 0.000000
65390 0.000000 0.000000 0.000000 0.000000
65391 0.000000 0.000000 0.000000 0.000000
65392 0.000000 0.000000 0.000000 0.000000
65393 0.000000 0.000000 0.000000 0.000000
65394 0.000000 0.000000 0.000000 0.000000
65395 0.000000 0.000000 0.000000 0.000000
65396 0.000000 0.000000 0.000000 0.000000
65397 0.000000 0.000000 0.000000 0.000000
65398 0.000000 0.000000 0.000000 0.000000
65399 0.000000 0.000000 0.000000 0.000000
65400 0.000000 0.000000 0.000000 0.000000
65401 0.000000 0.000000 0.000000 0.000000
65402 0.000000 0.000000 0.000000 0.000000
65403 0.000000 0.000000 0.000000 0.000000
65404 0.000000 0.000000 0.000000 0.000000
65405 0.000000 0.000000 0.000000 0.000000
65406 0.000000 0.000000 0.000000 0.000000
65407 0.000000 0.000000 0.000000 0.000000
65408 0.000000 0.000000 0.000000 0.000000
65409 0.000000 0.000000 0.000000 0.000000
65410 0.000000 0.000000 0.000000 0.000000
65411 0.000000 0.000000 0.000000 0.000000
65412 0.000000 0.000000 0.000000 0.000000
65413 0.000000 0.000000 0.000000 0.000000
65414 0.000000 0.000000 0.000000 0.000000
65415 0.000000 0.000000 0.000000 0.000000
65416 0.000000 0.000000 0.000000 0.000000
65417 0.000000 0.000000 0.000000 0.000000
65418 0.000000 0.000000 0.000000 0.000000
65419 0.000000 0.000000 0.000000 0.000000
65420 0.000000 0.000000 0.000000 0.000000
65421 0.000000 0.000000 0.000000 0.000000
65422 0.000000 0.000000 0.000000 0.000000
65423 0.000000 0.000000 0.000000 0.000000
65424 0.000000 0.000000 0.000000 0.000000
65425 0.000000 0.000000 0.000000 0.000000
65426 0.000000 0.000000 0.000000 0.000000
65427 0.000000 0.000000 0.000000 0.000000
65428 0.000000 0.000000 0.000000 0.000000
65429 0.000000 0.000000 0.000000 0.000000
65430 0.000000 0.000000 0.000000 0.000000
65431 0.000000 0.000000 0.000000 0.000000
65432 0.000000 0.000000 0.000000 0.000000
65433 0.000000 0.000000 0.000000 0.000000
65434 0.000000 0.000000 0.000000 0.000000
65435 0.000000 0.000000 0.000000 0.000000
65436 0.000000 0.000000 0.000000 0.000000
65437 0.000000 0.000000 0.000000 0.000000
65438 0.000000 0.000000 0.000000 0.000000
65439 0.000000 0.000000 0.000000 0.000000
65440 0.000000 0.000000 0.000000 0.000000
65441 0.000000 0.000000 0.000000 0.000000
65442 0.000000 0.000000 0.000000 0.000000
65443 0.000000 0.000000 0.000000 0.000000
65444 0.000000 0.000000 0.000000 0.000000
65445 0.000000 0.000000 0.000000 0.000000
65446 0.000000 0.000000 0.000000 0.000000
65447 0.000000 0.000000 0.000000 0.000000
65448 0.000000 0.000000 0.000000 0.000000
65449 0.000000 0.000000 0.000000 0.000000
65450 0.000000 0.000000 0.000000 0.000000
65451 0.000000 0.000000 0.000000 0.000000
65452 0.000000 0.000000 0.000000 0.000000
65453 0.000000 0.000000 0.000000 0.000000
65454 0.000000 0.000000 0.000000 0.000000
65455 0.000000 0.000000 0.000000 0.000000
65456 0.000000 0.000000 0.000000 0.000000
65457 0.000000 0.000000 0.000000 0.000000
65458 0.000000 0.000000 0.000000 0.000000
65459 0.000000 0.000000 0.000000 0.000000
65460 0.000000 0.000000 0.000000 0.000000
65461 0.000000 0.000000 0.000000 0.000000
65462 0.000000 0.000000 0.000000 0.000000
65463 0.000000 0.000000 0.000000 0.000000
65464 0.000000 0.000000 0.000000 0.000000
65465 0.000000 0.000000 0.000000 0.000000
65466 0.000000 0.000000 0.000000 0.000000
65467 0.000000 0.000000 0.000000 0.000000
65468 0.000000 0.000000 0.000000 0.000000
65469 0.000000 0.000000 0.000000 0.000000
65470 0.000000 0.000000 0.000000 0.000000
65471 0.000000 0.000000 0.000000 0.000000
65472 0.000000 0.000000 0.000000 0.000000
65473 0.000000 0.000000 0.000000 0.000000
65474 0.000000 0.000000 0.000000 0.000000
65475 0.000000 0.000000 0.000000 0.000000
65476 0.000000 0.000000 0.000000 0.000000
65477 0.000000 0.000000 0.000000 0.000000
65478 0.000000 0.000000 0.000000 0.000000
65479 0.000000 0.000000 0.000000 0.000000
65480 0.000000 0.000000 0.000000 0.000000
65481 0.000000 0.000000 0.000000 0.000000
65482 0.000000 0.000000 0.000000 0.000000
65483 0.000000 0.000000 0.000000 0.000000
65484 0.000000 0.000000 0.000000 0.000000
65485 0.000000 0.000000 0.000000 0.000000
65486 0.000000 0.000000 0.000000 0.000000
65487 0.000000 0.000000 0.000000 0.000000
65488 0.000000 0.000000 0.000000 0.000000
65489 0.000000 0.000000 0.000000 0.000000
65490 0.000000 0.000000 0.000000 0.000000
65491 0.000000 0.000000 0.000000 0.000000
65492 0.000000 0.000000 0.000000 0.000000
65493 0.000000 0.000000 0.000000 0.000000
65494 0.000000 0.000000 0.000000 0.000000
65495 0.000000 0.000000 0.000000 0.000000
65496 0.000000 0.000000 0.000000 0.000000
65497 0.000000 0.000000 0.000000 0.000000
65498 0.000000 0.000000 0.000000 0.000000
65499 0.000000 0.000000 0.000000 0.000000
65500 0.000000 0.000000 0.000000 0.000000
65501 0.000000 0.000000 0.000000 0.000000
65502 0.000000 0.000000 0.000000 0.000000
65503 0.000000 0.000000 0.000000 0.000000
65504 0.000000 0.000000 0.000000 0.000000
65505 0.000000 0.000000 0.000000 0.000000
65506 0.000000 0.000000 0.000000 0.000000
65507 0.000000 0.000000 0.000000 0.000000
65508 0.000000 0.000000 0.000000 0.000000
65509 0.000000 0.000000 0.000000 0.000000
65510 0.000000 0.000000 0.000000 0.000000
65511 0.000000 0.000000 0.000000 0.000000
65512 0.000000 0.000000 0.000000 0.000000
65513 0.000000 0.000000 0.000000 0.000000
65514 0.000000 0.000000 0.000000 0.000000
65515 0.000000 0.000000 0.000000 0.000000
65516 0.000000 0.000000 0.000000 0.000000
65517 0.000000 0.000000 0.000000 0.000000
65518 0.000000 0.000000 0.000000 0.000000
65519 0.000000 0.000000 0.000000 0.000000
65520 0.000000 0.000000 0.000000 0.000000
65521 0.000000 0.000000 0.000000 0.000000
65522 0.000000 0.000000 0.000000 0.000000
65523 0.000000 0.000000 0.000000 0.000000
65524 0.000000 0.000000 0.000000 0.000000
65525 0.000000 0.000000 0.000000 0.000000
65526 0.000000 0.000000 0.000000 0.000000
65527 0.000000 0.000000 0.000000 0.000000
65528 0.000000 0.000000 0.000000 0.000000
65529 0.000000 0.000000 0.000000 0.000000
65530 0.000000 0.000000 0.000000 0.000000
65531 0.000000 0.000000 0.000000 0.000000
65532 0.000000 0.000000 0.000000 0.000000
65533 0.000000 0.000000 0.000000 0.000000
65534 0.000000 0.000000 0.000000 0.000000
65535 0.000000 0.000000 0.000000 0.000000
65536 0.000000 0.000000 0.000000 0.000000
65537 0.000000 0.000000 0.000000 0.000000
65538 0.000000 0.000000 0.000000 0.000000
65539 0.000000 0.000000 0.000000 0.000000
65540 0.000000 0.000000 0.000000 0.000000
65541 0.000000 0.000000 0.000000 0.000000
65542 0.000000 0.000000 0.000000 0.000000
65543 0.000000 0.000000 0.000000 0.000000
65544 0.000000 0.000000 0.000000 0.000000
65545 0.000000 0.000000 0.000000 0.000000
65546 0.000000 0.000000 0.000000 0.000000
65547 0.000000 0.000000 0.000000 0.000000
65548 0.000000 0.000000 0.000000 0.000000
65549 0.000000 0.000000 0.000000 0.000000
65550 0.000000 0.000000 0.000000 0.000000
65551 0.000000 0.000000 0.000000 0.000000
65552 0.000000 0.000000 0.000000 0.000000
65553 0.000000 0.000000 0.000000 0.000000
65554 0.000000 0.000000 0.000000 0.000000
65555 0.000000 0.000000 0.000000 0.000000
65556 0.000000 0.000000 0.000000 0.000000
65557 0.000000 0.000000 0.000000 0.000000
65558 0.000000 0.000000 0.000000 0.000000
65559 0.000000 0.000000 0.000000 0.000000
65560 0.000000 0.000000 0.000000 0.000000
65561 0.000000 0.000000 0.000000 0.000000
65562 0.000000 0.000000 0.000000 0.000000
65563 0.000000 0.000000 0.000000 0.000000
65564 0.000000 0.000000 0.000000 0.000000
65565 0.000000 0.000000 0.000000 0.000000
65566 0.000000 0.000000 0.000000 0.000000
65567 0.000000 0.000000 0.000000 0.000000
65568 0.000000 0.000000 0.000000 0.000000
65569 0.000000 0.000000 0.000000 0.000000
65570 0.000000 0.000000 0.000000 0.000000
65571 0.000000 0.000000 0.000000 0.000000
65572 0.000000 0.000000 0.000000 0.000000
65573 0.000000 0.000000 0.000000 0.000000
