#!ascii label, from subject  
332
65574 0.000000 0.000000 0.000000 0.000000
65575 0.000000 0.000000 0.000000 0.000000
65576 0.000000 0.000000 0.000000 0.000000
65577 0.000000 0.000000 0.000000 0.000000
65578 0.000000 0.000000 0.000000 0.000000
65579 0.000000 0.000000 0.000000 0.000000
65580 0.000000 0.000000 0.000000 0.000000
65581 0.000000 0.000000 0.000000 0.000000
65582 0.000000 0.000000 0.000000 0.000000
65583 0.000000 0.000000 0.000000 0.000000
65584 0.000000 0.000000 0.000000 0.000000
65585 0.000000 0.000000 0.000000 0.000000
65586 0.000000 0.000000 0.000000 0.000000
65587 0.000000 0.000000 0.000000 0.000000
65588 0.000000 0.000000 0.000000 0.000000
65589 0.000000 0.000000 0.000000 0.000000
65590 0.000000 0.000000 0.000000 0.000000
65591 0.000000 0.000000 0.000000 0.000000
65592 0.000000 0.000000 0.000000 0.000000
65593 0.000000 0.000000 0.000000 0.000000
65594 0.000000 0.000000 0.000000 0.000000
65595 0.000000 0.000000 0.000000 0.000000
65596 0.000000 0.000000 0.000000 0.000000
65597 0.000000 0.000000 0.000000 0.000000
65598 0.000000 0.000000 0.000000 0.000000
65599 0.000000 0.000000 0.000000 0.000000
65600 0.000000 0.000000 0.000000 0.000000
65601 0.000000 0.000000 0.000000 0.000000
65602 0.000000 0.000000 0.000000 0.000000
65603 0.000000 0.000000 0.000000 0.000000
65604 0.000000 0.000000 0.000000 0.000000
65605 0.000000 0.000000 0.000000 0.000000
65606 0.000000 0.000000 0.000000 0.000000
65607 0.000000 0.000000 0.000000 0.000000
65608 0.000000 0.000000 0.000000 0.000000
65609 0.000000 0.000000 0.000000 0.000000
65610 0.000000 0.000000 0.000000 0.000000
65611 0.000000 0.000000 0.000000 0.000000
65612 0.000000 0.000000 0.000000 0.000000
65613 0.000000 0.000000 0.000000 0.000000
65614 0.000000 0.000000 0.000000 0.000000
65615 0.000000 0.000000 0.000000 0.000000
65616 0.000000 0.000000 0.000000 0.000000
65617 0.000000 0.000000 0.000000 0.000000
65618 0.000000 0.000000 0.000000 0.000000
65619 0.000000 0.000000 0.000000 0.000000
65620 0.000000 0.000000 0.000000 0.000000
65621 0.000000 0.000000 0.000000 0.000000
65622 0.000000 0.000000 0.000000 0.000000
65623 0.000000 0.000000 0.000000 0.000000
65624 0.000000 0.000000 0.000000 0.000000
65625 0.000000 0.000000 0.000000 0.000000
65626 0.000000 0.000000 0.000000 0.000000
65627 0.000000 0.000000 0.000000 0.000000
65628 0.000000 0.000000 0.000000 0.000000
65629 0.000000 0.000000 0.000000 0.000000
65630 0.000000 0.000000 0.000000 0.000000
65631 0.000000 0.000000 0.000000 0.000000
65632 0.000000 0.000000 0.000000 0.000000
65633 0.000000 0.000000 0.000000 0.000000
65634 0.000000 0.000000 0.000000 0.000000
65635 0.000000 0.000000 0.000000 0.000000
65636 0.000000 0.000000 0.000000 0.000000
65637 0.000000 0.000000 0.000000 0.000000
65638 0.000000 0.000000 0.000000 0.000000
65639 0.000000 0.000000 0.000000 0.000000
65640 0.000000 0.000000 0.000000 0.000000
65641 0.000000 0.000000 0.000000 0.000000
65642 0.000000 0.000000 0.000000 0.000000
65643 0.000000 0.000000 0.000000 0.000000
65644 0.000000 0.000000 0.000000 0.000000
65645 0.000000 0.000000 0.000000 0.000000
65646 0.000000 0.000000 0.000000 0.000000
65647 0.000000 0.000000 0.000000 0.000000
65648 0.000000 0.000000 0.000000 0.000000
65649 0.000000 0.000000 0.000000 0.000000
65650 0.000000 0.000000 0.000000 0.000000
65651 0.000000 0.000000 0.000000 0.000000
65652 0.000000 0.000000 0.000000 0.000000
65653 0.000000 0.000000 0.000000 0.000000
65654 0.000000 0.000000 0.000000 0.000000
65655 0.000000 0.000000 0.000000 0.000000
65656 0.000000 0.000000 0.000000 0.000000
65657 0.000000 0.000000 0.000000 0.000000
65658 0.000000 0.000000 0.000000 0.000000
65659 0.000000 0.000000 0.000000 0.000000
65660 0.000000 0.000000 0.000000 0.000000
65661 0.000000 0.000000 0.000000 0.000000
65662 0.000000 0.000000 0.000000 0.000000
65663 0.000000 0.000000 0.000000 0.000000
65664 0.000000 0.000000 0.000000 0.000000
65665 0.000000 0.000000 0.000000 0.000000
65666 0.000000 0.000000 0.000000 0.000000
65667 0.000000 0.000000 0.000000 0.000000
65668 0.000000 0.000000 0.000000 0.000000
65669 0.000000 0.000000 0.000000 0.000000
65670 0.000000 0.000000 0.000000 0.000000
65671 0.000000 0.000000 0.000000 0.000000
65672 0.000000 0.000000 0.000000 0.000000
65673 0.000000 0.000000 0.000000 0.000000
65674 0.000000 0.000000 0.000000 0.000000
65675 0.000000 0.000000 0.000000 0.000000
65676 0.000000 0.000000 0.000000 0.000000
65677 0.000000 0.000000 0.000000 0.000000
65678 0.000000 0.000000 0.000000 0.000000
65679 0.000000 0.000000 0.000000 0.000000
65680 0.000000 0.000000 0.000000 0.000000
65681 0.000000 0.000000 0.000000 0.000000
65682 0.000000 0.000000 0.000000 0.000000
65683 0.000000 0.000000 0.000000 0.000000
65684 0.000000 0.000000 0.000000 0.000000
65685 0.000000 0.000000 0.000000 0.000000
65686 0.000000 0.000000 0.000000 0.000000
65687 0.000000 0.000000 0.000000 0.000000
65688 0.000000 0.000000 0.000000 0.000000
65689 0.000000 0.000000 0.000000 0.000000
65690 0.000000 0.000000 0.000000 0.000000
65691 0.000000 0.000000 0.000000 0.000000
65692 0.000000 0.000000 0.000000 0.000000
65693 0.000000 0.000000 0.000000 0.000000
65694 0.000000 0.000000 0.000000 0.000000
65695 0.000000 0.000000 0.000000 0.000000
65696 0.000000 0.000000 0.000000 0.000000
65697 0.000000 0.000000 0.000000 0.000000
65698 0.000000 0.000000 0.000000 0.000000
65699 0.000000 0.000000 0.000000 0.000000
65700 0.000000 0.000000 0.000000 0.000000
65701 0.000000 0.000000 0.000000 0.000000
65702 0.000000 0.000000 0.000000 0.000000
65703 0.000000 0.000000 0.000000 0.000000
65704 0.000000 0.000000 0.000000 0.000000
65705 0.000000 0.000000 0.000000 0.000000
65706 0.000000 0.000000 0.000000 0.000000
65707 0.000000 0.000000 0.000000 0.000000
65708 0.000000 0.000000 0.000000 0.000000
65709 0.000000 0.000000 0.000000 0.000000
65710 0.000000 0.000000 0.000000 0.000000
65711 0.000000 0.000000 0.000000 0.000000
65712 0.000000 0.000000 0.000000 0.000000
65713 0.000000 0.000000 0.000000 0.000000
65714 0.000000 0.000000 0.000000 0.000000
65715 0.000000 0.000000 0.000000 0.000000
65716 0.000000 0.000000 0.000000 0.000000
65717 0.000000 0.000000 0.000000 0.000000
65718 0.000000 0.000000 0.000000 0.000000
65719 0.000000 0.000000 0.000000 0.000000
65720 0.000000 0.000000 0.000000 0.000000
65721 0.000000 0.000000 0.000000 0.000000
65722 0.000000 0.000000 0.000000 0.000000
65723 0.000000 0.000000 0.000000 0.000000
65724 0.000000 0.000000 0.000000 0.000000
65725 0.000000 0.000000 0.000000 0.000000
65726 0.000000 0.000000 0.000000 0.000000
65727 0.000000 0.000000 0.000000 0.000000
65728 0.000000 0.000000 0.000000 0.000000
65729 0.000000 0.000000 0.000000 0.000000
65730 0.000000 0.000000 0.000000 0.000000
65731 0.000000 0.000000 0.000000 0.000000
65732 0.000000 0.000000 0.000000 0.000000
65733 0.000000 0.000000 0.000000 0.000000
65734 0.000000 0.000000 0.000000 0.000000
65735 0.000000 0.000000 0.000000 0.000000
65736 0.000000 0.000000 0.000000 0.000000
65737 0.000000 0.000000 0.000000 0.000000
65738 0.000000 0.000000 0.000000 0.000000
65739 0.000000 0.000000 0.000000 0.000000
65740 0.000000 0.000000 0.000000 0.000000
65741 0.000000 0.000000 0.000000 0.000000
65742 0.000000 0.000000 0.000000 0.000000
65743 0.000000 0.000000 0.000000 0.000000
65744 0.000000 0.000000 0.000000 0.000000
65745 0.000000 0.000000 0.000000 0.000000
65746 0.000000 0.000000 0.000000 0.000000
65747 0.000000 0.000000 0.000000 0.000000
65748 0.000000 0.000000 0.000000 0.000000
65749 0.000000 0.000000 0.000000 0.000000
65750 0.000000 0.000000 0.000000 0.000000
65751 0.000000 0.000000 0.000000 0.000000
65752 0.000000 0.000000 0.000000 0.000000
65753 0.000000 0.000000 0.000000 0.000000
65754 0.000000 0.000000 0.000000 0.000000
65755 0.000000 0.000000 0.000000 0.000000
65756 0.000000 0.000000 0.000000 0.000000
65757 0.000000 0.000000 0.000000 0.000000
65758 0.000000 0.000000 0.000000 0.000000
65759 0.000000 0.000000 0.000000 0.000000
65760 0.000000 0.000000 0.000000 0.000000
65761 0.000000 0.000000 0.000000 0.000000
65762 0.000000 0.000000 0.000000 0.000000
65763 0.000000 0.000000 0.000000 0.000000
65764 0.000000 0.000000 0.000000 0.000000
65765 0.000000 0.000000 0.000000 0.000000
65766 0.000000 0.000000 0.000000 0.000000
65767 0.000000 0.000000 0.000000 0.000000
65768 0.000000 0.000000 0.000000 0.000000
65769 0.000000 0.000000 0.000000 0.000000
65770 0.000000 0.000000 0.000000 0.000000
65771 0.000000 0.000000 0.000000 0.000000
65772 0.000000 0.000000 0.000000 0.000000
65773 0.000000 0.000000 0.000000 0.000000
65774 0.000000 0.000000 0.000000 0.000000
65775 0.000000 0.000000 0.000000 0.000000
65776 0.000000 0.000000 0.000000 0.000000
65777 0.000000 0.000000 0.000000 0.000000
65778 0.000000 0.000000 0.000000 0.000000
65779 0.000000 0.000000 0.000000 0.000000
65780 0.000000 0.000000 0.000000 0.000000
65781 0.000000 0.000000 0.000000 0.000000
65782 0.000000 0.000000 0.000000 0.000000
65783 0.000000 0.000000 0.000000 0.000000
65784 0.000000 0.000000 0.000000 0.000000
65785 0.000000 0.000000 0.000000 0.000000
65786 0.000000 0.000000 0.000000 0.000000
65787 0.000000 0.000000 0.000000 0.000000
65788 0.000000 0.000000 0.000000 0.000000
65789 0.000000 0.000000 0.000000 0.000000
65790 0.000000 0.000000 0.000000 0.000000
65791 0.000000 0.000000 0.000000 0.000000
65792 0.000000 0.000000 0.000000 0.000000
65793 0.000000 0.000000 0.000000 0.000000
65794 0.000000 0.000000 0.000000 0.000000
65795 0.000000 0.000000 0.000000 0.000000
65796 0.000000 0.000000 0.000000 0.000000
65797 0.000000 0.000000 0.000000 0.000000
65798 0.000000 0.000000 0.000000 0.000000
65799 0.000000 0.000000 0.000000 0.000000
65800 0.000000 0.000000 0.000000 0.000000
65801 0.000000 0.000000 0.000000 0.000000
65802 0.000000 0.000000 0.000000 0.000000
65803 0.000000 0.000000 0.000000 0.000000
65804 0.000000 0.000000 0.000000 0.000000
65805 0.000000 0.000000 0.000000 0.000000
65806 0.000000 0.000000 0.000000 0.000000
65807 0.000000 0.000000 0.000000 0.000000
65808 0.000000 0.000000 0.000000 0.000000
65809 0.000000 0.000000 0.000000 0.000000
65810 0.000000 0.000000 0.000000 0.000000
65811 0.000000 0.000000 0.000000 0.000000
65812 0.000000 0.000000 0.000000 0.000000
65813 0.000000 0.000000 0.000000 0.000000
65814 0.000000 0.000000 0.000000 0.000000
65815 0.000000 0.000000 0.000000 0.000000
65816 0.000000 0.000000 0.000000 0.000000
65817 0.000000 0.000000 0.000000 0.000000
65818 0.000000 0.000000 0.000000 0.000000
65819 0.000000 0.000000 0.000000 0.000000
65820 0.000000 0.000000 0.000000 0.000000
65821 0.000000 0.000000 0.000000 0.000000
65822 0.000000 0.000000 0.000000 0.000000
65823 0.000000 0.000000 0.000000 0.000000
65824 0.000000 0.000000 0.000000 0.000000
65825 0.000000 0.000000 0.000000 0.000000
65826 0.000000 0.000000 0.000000 0.000000
65827 0.000000 0.000000 0.000000 0.000000
65828 0.000000 0.000000 0.000000 0.000000
65829 0.000000 0.000000 0.000000 0.000000
65830 0.000000 0.000000 0.000000 0.000000
65831 0.000000 0.000000 0.000000 0.000000
65832 0.000000 0.000000 0.000000 0.000000
65833 0.000000 0.000000 0.000000 0.000000
65834 0.000000 0.000000 0.000000 0.000000
65835 0.000000 0.000000 0.000000 0.000000
65836 0.000000 0.000000 0.000000 0.000000
65837 0.000000 0.000000 0.000000 0.000000
65838 0.000000 0.000000 0.000000 0.000000
65839 0.000000 0.000000 0.000000 0.000000
65840 0.000000 0.000000 0.000000 0.000000
65841 0.000000 0.000000 0.000000 0.000000
65842 0.000000 0.000000 0.000000 0.000000
65843 0.000000 0.000000 0.000000 0.000000
65844 0.000000 0.000000 0.000000 0.000000
65845 0.000000 0.000000 0.000000 0.000000
65846 0.000000 0.000000 0.000000 0.000000
65847 0.000000 0.000000 0.000000 0.000000
65848 0.000000 0.000000 0.000000 0.000000
65849 0.000000 0.000000 0.000000 0.000000
65850 0.000000 0.000000 0.000000 0.000000
65851 0.000000 0.000000 0.000000 0.000000
65852 0.000000 0.000000 0.000000 0.000000
65853 0.000000 0.000000 0.000000 0.000000
65854 0.000000 0.000000 0.000000 0.000000
65855 0.000000 0.000000 0.000000 0.000000
65856 0.000000 0.000000 0.000000 0.000000
65857 0.000000 0.000000 0.000000 0.000000
65858 0.000000 0.000000 0.000000 0.000000
65859 0.000000 0.000000 0.000000 0.000000
65860 0.000000 0.000000 0.000000 0.000000
65861 0.000000 0.000000 0.000000 0.000000
65862 0.000000 0.000000 0.000000 0.000000
65863 0.000000 0.000000 0.000000 0.000000
65864 0.000000 0.000000 0.000000 0.000000
65865 0.000000 0.000000 0.000000 0.000000
65866 0.000000 0.000000 0.000000 0.000000
65867 0.000000 0.000000 0.000000 0.000000
65868 0.000000 0.000000 0.000000 0.000000
65869 0.000000 0.000000 0.000000 0.000000
65870 0.000000 0.000000 0.000000 0.000000
65871 0.000000 0.000000 0.000000 0.000000
65872 0.000000 0.000000 0.000000 0.000000
65873 0.000000 0.000000 0.000000 0.000000
65874 0.000000 0.000000 0.000000 0.000000
65875 0.000000 0.000000 0.000000 0.000000
65876 0.000000 0.000000 0.000000 0.000000
65877 0.000000 0.000000 0.000000 0.000000
65878 0.000000 0.000000 0.000000 0.000000
65879 0.000000 0.000000 0.000000 0.000000
65880 0.000000 0.000000 0.000000 0.000000
65881 0.000000 0.000000 0.000000 0.000000
65882 0.000000 0.000000 0.000000 0.000000
65883 0.000000 0.000000 0.000000 0.000000
65884 0.000000 0.000000 0.000000 0.000000
65885 0.000000 0.000000 0.000000 0.000000
65886 0.000000 0.000000 0.000000 0.000000
65887 0.000000 0.000000 0.000000 0.000000
65888 0.000000 0.000000 0.000000 0.000000
65889 0.000000 0.000000 0.000000 0.000000
65890 0.000000 0.000000 0.000000 0.000000
65891 0.000000 0.000000 0.000000 0.000000
65892 0.000000 0.000000 0.000000 0.000000
65893 0.000000 0.000000 0.000000 0.000000
65894 0.000000 0.000000 0.000000 0.000000
65895 0.000000 0.000000 0.000000 0.000000
65896 0.000000 0.000000 0.000000 0.000000
65897 0.000000 0.000000 0.000000 0.000000
65898 0.000000 0.000000 0.000000 0.000000
65899 0.000000 0.000000 0.000000 0.000000
65900 0.000000 0.000000 0.000000 0.000000
65901 0.000000 0.000000 0.000000 0.000000
65902 0.000000 0.000000 0.000000 0.000000
65903 0.000000 0.000000 0.000000 0.000000
65904 0.000000 0.000000 0.000000 0.000000
65905 0.000000 0.000000 0.000000 0.000000
