#!ascii label, from subject  
712
89420 0.000000 0.000000 0.000000 0.000000
89421 0.000000 0.000000 0.000000 0.000000
89422 0.000000 0.000000 0.000000 0.000000
89423 0.000000 0.000000 0.000000 0.000000
89424 0.000000 0.000000 0.000000 0.000000
89425 0.000000 0.000000 0.000000 0.000000
89426 0.000000 0.000000 0.000000 0.000000
89427 0.000000 0.000000 0.000000 0.000000
89428 0.000000 0.000000 0.000000 0.000000
89429 0.000000 0.000000 0.000000 0.000000
89430 0.000000 0.000000 0.000000 0.000000
89431 0.000000 0.000000 0.000000 0.000000
89432 0.000000 0.000000 0.000000 0.000000
89433 0.000000 0.000000 0.000000 0.000000
89434 0.000000 0.000000 0.000000 0.000000
89435 0.000000 0.000000 0.000000 0.000000
89436 0.000000 0.000000 0.000000 0.000000
89437 0.000000 0.000000 0.000000 0.000000
89438 0.000000 0.000000 0.000000 0.000000
89439 0.000000 0.000000 0.000000 0.000000
89440 0.000000 0.000000 0.000000 0.000000
89441 0.000000 0.000000 0.000000 0.000000
89442 0.000000 0.000000 0.000000 0.000000
89443 0.000000 0.000000 0.000000 0.000000
89444 0.000000 0.000000 0.000000 0.000000
89445 0.000000 0.000000 0.000000 0.000000
89446 0.000000 0.000000 0.000000 0.000000
89447 0.000000 0.000000 0.000000 0.000000
89448 0.000000 0.000000 0.000000 0.000000
89449 0.000000 0.000000 0.000000 0.000000
89450 0.000000 0.000000 0.000000 0.000000
89451 0.000000 0.000000 0.000000 0.000000
89452 0.000000 0.000000 0.000000 0.000000
89453 0.000000 0.000000 0.000000 0.000000
89454 0.000000 0.000000 0.000000 0.000000
89455 0.000000 0.000000 0.000000 0.000000
89456 0.000000 0.000000 0.000000 0.000000
89457 0.000000 0.000000 0.000000 0.000000
89458 0.000000 0.000000 0.000000 0.000000
89459 0.000000 0.000000 0.000000 0.000000
89460 0.000000 0.000000 0.000000 0.000000
89461 0.000000 0.000000 0.000000 0.000000
89462 0.000000 0.000000 0.000000 0.000000
89463 0.000000 0.000000 0.000000 0.000000
89464 0.000000 0.000000 0.000000 0.000000
89465 0.000000 0.000000 0.000000 0.000000
89466 0.000000 0.000000 0.000000 0.000000
89467 0.000000 0.000000 0.000000 0.000000
89468 0.000000 0.000000 0.000000 0.000000
89469 0.000000 0.000000 0.000000 0.000000
89470 0.000000 0.000000 0.000000 0.000000
89471 0.000000 0.000000 0.000000 0.000000
89472 0.000000 0.000000 0.000000 0.000000
89473 0.000000 0.000000 0.000000 0.000000
89474 0.000000 0.000000 0.000000 0.000000
89475 0.000000 0.000000 0.000000 0.000000
89476 0.000000 0.000000 0.000000 0.000000
89477 0.000000 0.000000 0.000000 0.000000
89478 0.000000 0.000000 0.000000 0.000000
89479 0.000000 0.000000 0.000000 0.000000
89480 0.000000 0.000000 0.000000 0.000000
89481 0.000000 0.000000 0.000000 0.000000
89482 0.000000 0.000000 0.000000 0.000000
89483 0.000000 0.000000 0.000000 0.000000
89484 0.000000 0.000000 0.000000 0.000000
89485 0.000000 0.000000 0.000000 0.000000
89486 0.000000 0.000000 0.000000 0.000000
89487 0.000000 0.000000 0.000000 0.000000
89488 0.000000 0.000000 0.000000 0.000000
89489 0.000000 0.000000 0.000000 0.000000
89490 0.000000 0.000000 0.000000 0.000000
89491 0.000000 0.000000 0.000000 0.000000
89492 0.000000 0.000000 0.000000 0.000000
89493 0.000000 0.000000 0.000000 0.000000
89494 0.000000 0.000000 0.000000 0.000000
89495 0.000000 0.000000 0.000000 0.000000
89496 0.000000 0.000000 0.000000 0.000000
89497 0.000000 0.000000 0.000000 0.000000
89498 0.000000 0.000000 0.000000 0.000000
89499 0.000000 0.000000 0.000000 0.000000
89500 0.000000 0.000000 0.000000 0.000000
89501 0.000000 0.000000 0.000000 0.000000
89502 0.000000 0.000000 0.000000 0.000000
89503 0.000000 0.000000 0.000000 0.000000
89504 0.000000 0.000000 0.000000 0.000000
89505 0.000000 0.000000 0.000000 0.000000
89506 0.000000 0.000000 0.000000 0.000000
89507 0.000000 0.000000 0.000000 0.000000
89508 0.000000 0.000000 0.000000 0.000000
89509 0.000000 0.000000 0.000000 0.000000
89510 0.000000 0.000000 0.000000 0.000000
89511 0.000000 0.000000 0.000000 0.000000
89512 0.000000 0.000000 0.000000 0.000000
89513 0.000000 0.000000 0.000000 0.000000
89514 0.000000 0.000000 0.000000 0.000000
89515 0.000000 0.000000 0.000000 0.000000
89516 0.000000 0.000000 0.000000 0.000000
89517 0.000000 0.000000 0.000000 0.000000
89518 0.000000 0.000000 0.000000 0.000000
89519 0.000000 0.000000 0.000000 0.000000
89520 0.000000 0.000000 0.000000 0.000000
89521 0.000000 0.000000 0.000000 0.000000
89522 0.000000 0.000000 0.000000 0.000000
89523 0.000000 0.000000 0.000000 0.000000
89524 0.000000 0.000000 0.000000 0.000000
89525 0.000000 0.000000 0.000000 0.000000
89526 0.000000 0.000000 0.000000 0.000000
89527 0.000000 0.000000 0.000000 0.000000
89528 0.000000 0.000000 0.000000 0.000000
89529 0.000000 0.000000 0.000000 0.000000
89530 0.000000 0.000000 0.000000 0.000000
89531 0.000000 0.000000 0.000000 0.000000
89532 0.000000 0.000000 0.000000 0.000000
89533 0.000000 0.000000 0.000000 0.000000
89534 0.000000 0.000000 0.000000 0.000000
89535 0.000000 0.000000 0.000000 0.000000
89536 0.000000 0.000000 0.000000 0.000000
89537 0.000000 0.000000 0.000000 0.000000
89538 0.000000 0.000000 0.000000 0.000000
89539 0.000000 0.000000 0.000000 0.000000
89540 0.000000 0.000000 0.000000 0.000000
89541 0.000000 0.000000 0.000000 0.000000
89542 0.000000 0.000000 0.000000 0.000000
89543 0.000000 0.000000 0.000000 0.000000
89544 0.000000 0.000000 0.000000 0.000000
89545 0.000000 0.000000 0.000000 0.000000
89546 0.000000 0.000000 0.000000 0.000000
89547 0.000000 0.000000 0.000000 0.000000
89548 0.000000 0.000000 0.000000 0.000000
89549 0.000000 0.000000 0.000000 0.000000
89550 0.000000 0.000000 0.000000 0.000000
89551 0.000000 0.000000 0.000000 0.000000
89552 0.000000 0.000000 0.000000 0.000000
89553 0.000000 0.000000 0.000000 0.000000
89554 0.000000 0.000000 0.000000 0.000000
89555 0.000000 0.000000 0.000000 0.000000
89556 0.000000 0.000000 0.000000 0.000000
89557 0.000000 0.000000 0.000000 0.000000
89558 0.000000 0.000000 0.000000 0.000000
89559 0.000000 0.000000 0.000000 0.000000
89560 0.000000 0.000000 0.000000 0.000000
89561 0.000000 0.000000 0.000000 0.000000
89562 0.000000 0.000000 0.000000 0.000000
89563 0.000000 0.000000 0.000000 0.000000
89564 0.000000 0.000000 0.000000 0.000000
89565 0.000000 0.000000 0.000000 0.000000
89566 0.000000 0.000000 0.000000 0.000000
89567 0.000000 0.000000 0.000000 0.000000
89568 0.000000 0.000000 0.000000 0.000000
89569 0.000000 0.000000 0.000000 0.000000
89570 0.000000 0.000000 0.000000 0.000000
89571 0.000000 0.000000 0.000000 0.000000
89572 0.000000 0.000000 0.000000 0.000000
89573 0.000000 0.000000 0.000000 0.000000
89574 0.000000 0.000000 0.000000 0.000000
89575 0.000000 0.000000 0.000000 0.000000
89576 0.000000 0.000000 0.000000 0.000000
89577 0.000000 0.000000 0.000000 0.000000
89578 0.000000 0.000000 0.000000 0.000000
89579 0.000000 0.000000 0.000000 0.000000
89580 0.000000 0.000000 0.000000 0.000000
89581 0.000000 0.000000 0.000000 0.000000
89582 0.000000 0.000000 0.000000 0.000000
89583 0.000000 0.000000 0.000000 0.000000
89584 0.000000 0.000000 0.000000 0.000000
89585 0.000000 0.000000 0.000000 0.000000
89586 0.000000 0.000000 0.000000 0.000000
89587 0.000000 0.000000 0.000000 0.000000
89588 0.000000 0.000000 0.000000 0.000000
89589 0.000000 0.000000 0.000000 0.000000
89590 0.000000 0.000000 0.000000 0.000000
89591 0.000000 0.000000 0.000000 0.000000
89592 0.000000 0.000000 0.000000 0.000000
89593 0.000000 0.000000 0.000000 0.000000
89594 0.000000 0.000000 0.000000 0.000000
89595 0.000000 0.000000 0.000000 0.000000
89596 0.000000 0.000000 0.000000 0.000000
89597 0.000000 0.000000 0.000000 0.000000
89598 0.000000 0.000000 0.000000 0.000000
89599 0.000000 0.000000 0.000000 0.000000
89600 0.000000 0.000000 0.000000 0.000000
89601 0.000000 0.000000 0.000000 0.000000
89602 0.000000 0.000000 0.000000 0.000000
89603 0.000000 0.000000 0.000000 0.000000
89604 0.000000 0.000000 0.000000 0.000000
89605 0.000000 0.000000 0.000000 0.000000
89606 0.000000 0.000000 0.000000 0.000000
89607 0.000000 0.000000 0.000000 0.000000
89608 0.000000 0.000000 0.000000 0.000000
89609 0.000000 0.000000 0.000000 0.000000
89610 0.000000 0.000000 0.000000 0.000000
89611 0.000000 0.000000 0.000000 0.000000
89612 0.000000 0.000000 0.000000 0.000000
89613 0.000000 0.000000 0.000000 0.000000
89614 0.000000 0.000000 0.000000 0.000000
89615 0.000000 0.000000 0.000000 0.000000
89616 0.000000 0.000000 0.000000 0.000000
89617 0.000000 0.000000 0.000000 0.000000
89618 0.000000 0.000000 0.000000 0.000000
89619 0.000000 0.000000 0.000000 0.000000
89620 0.000000 0.000000 0.000000 0.000000
89621 0.000000 0.000000 0.000000 0.000000
89622 0.000000 0.000000 0.000000 0.000000
89623 0.000000 0.000000 0.000000 0.000000
89624 0.000000 0.000000 0.000000 0.000000
89625 0.000000 0.000000 0.000000 0.000000
89626 0.000000 0.000000 0.000000 0.000000
89627 0.000000 0.000000 0.000000 0.000000
89628 0.000000 0.000000 0.000000 0.000000
89629 0.000000 0.000000 0.000000 0.000000
89630 0.000000 0.000000 0.000000 0.000000
89631 0.000000 0.000000 0.000000 0.000000
89632 0.000000 0.000000 0.000000 0.000000
89633 0.000000 0.000000 0.000000 0.000000
89634 0.000000 0.000000 0.000000 0.000000
89635 0.000000 0.000000 0.000000 0.000000
89636 0.000000 0.000000 0.000000 0.000000
89637 0.000000 0.000000 0.000000 0.000000
89638 0.000000 0.000000 0.000000 0.000000
89639 0.000000 0.000000 0.000000 0.000000
89640 0.000000 0.000000 0.000000 0.000000
89641 0.000000 0.000000 0.000000 0.000000
89642 0.000000 0.000000 0.000000 0.000000
89643 0.000000 0.000000 0.000000 0.000000
89644 0.000000 0.000000 0.000000 0.000000
89645 0.000000 0.000000 0.000000 0.000000
89646 0.000000 0.000000 0.000000 0.000000
89647 0.000000 0.000000 0.000000 0.000000
89648 0.000000 0.000000 0.000000 0.000000
89649 0.000000 0.000000 0.000000 0.000000
89650 0.000000 0.000000 0.000000 0.000000
89651 0.000000 0.000000 0.000000 0.000000
89652 0.000000 0.000000 0.000000 0.000000
89653 0.000000 0.000000 0.000000 0.000000
89654 0.000000 0.000000 0.000000 0.000000
89655 0.000000 0.000000 0.000000 0.000000
89656 0.000000 0.000000 0.000000 0.000000
89657 0.000000 0.000000 0.000000 0.000000
89658 0.000000 0.000000 0.000000 0.000000
89659 0.000000 0.000000 0.000000 0.000000
89660 0.000000 0.000000 0.000000 0.000000
89661 0.000000 0.000000 0.000000 0.000000
89662 0.000000 0.000000 0.000000 0.000000
89663 0.000000 0.000000 0.000000 0.000000
89664 0.000000 0.000000 0.000000 0.000000
89665 0.000000 0.000000 0.000000 0.000000
89666 0.000000 0.000000 0.000000 0.000000
89667 0.000000 0.000000 0.000000 0.000000
89668 0.000000 0.000000 0.000000 0.000000
89669 0.000000 0.000000 0.000000 0.000000
89670 0.000000 0.000000 0.000000 0.000000
89671 0.000000 0.000000 0.000000 0.000000
89672 0.000000 0.000000 0.000000 0.000000
89673 0.000000 0.000000 0.000000 0.000000
89674 0.000000 0.000000 0.000000 0.000000
89675 0.000000 0.000000 0.000000 0.000000
89676 0.000000 0.000000 0.000000 0.000000
89677 0.000000 0.000000 0.000000 0.000000
89678 0.000000 0.000000 0.000000 0.000000
89679 0.000000 0.000000 0.000000 0.000000
89680 0.000000 0.000000 0.000000 0.000000
89681 0.000000 0.000000 0.000000 0.000000
89682 0.000000 0.000000 0.000000 0.000000
89683 0.000000 0.000000 0.000000 0.000000
89684 0.000000 0.000000 0.000000 0.000000
89685 0.000000 0.000000 0.000000 0.000000
89686 0.000000 0.000000 0.000000 0.000000
89687 0.000000 0.000000 0.000000 0.000000
89688 0.000000 0.000000 0.000000 0.000000
89689 0.000000 0.000000 0.000000 0.000000
89690 0.000000 0.000000 0.000000 0.000000
89691 0.000000 0.000000 0.000000 0.000000
89692 0.000000 0.000000 0.000000 0.000000
89693 0.000000 0.000000 0.000000 0.000000
89694 0.000000 0.000000 0.000000 0.000000
89695 0.000000 0.000000 0.000000 0.000000
89696 0.000000 0.000000 0.000000 0.000000
89697 0.000000 0.000000 0.000000 0.000000
89698 0.000000 0.000000 0.000000 0.000000
89699 0.000000 0.000000 0.000000 0.000000
89700 0.000000 0.000000 0.000000 0.000000
89701 0.000000 0.000000 0.000000 0.000000
89702 0.000000 0.000000 0.000000 0.000000
89703 0.000000 0.000000 0.000000 0.000000
89704 0.000000 0.000000 0.000000 0.000000
89705 0.000000 0.000000 0.000000 0.000000
89706 0.000000 0.000000 0.000000 0.000000
89707 0.000000 0.000000 0.000000 0.000000
89708 0.000000 0.000000 0.000000 0.000000
89709 0.000000 0.000000 0.000000 0.000000
89710 0.000000 0.000000 0.000000 0.000000
89711 0.000000 0.000000 0.000000 0.000000
89712 0.000000 0.000000 0.000000 0.000000
89713 0.000000 0.000000 0.000000 0.000000
89714 0.000000 0.000000 0.000000 0.000000
89715 0.000000 0.000000 0.000000 0.000000
89716 0.000000 0.000000 0.000000 0.000000
89717 0.000000 0.000000 0.000000 0.000000
89718 0.000000 0.000000 0.000000 0.000000
89719 0.000000 0.000000 0.000000 0.000000
89720 0.000000 0.000000 0.000000 0.000000
89721 0.000000 0.000000 0.000000 0.000000
89722 0.000000 0.000000 0.000000 0.000000
89723 0.000000 0.000000 0.000000 0.000000
89724 0.000000 0.000000 0.000000 0.000000
89725 0.000000 0.000000 0.000000 0.000000
89726 0.000000 0.000000 0.000000 0.000000
89727 0.000000 0.000000 0.000000 0.000000
89728 0.000000 0.000000 0.000000 0.000000
89729 0.000000 0.000000 0.000000 0.000000
89730 0.000000 0.000000 0.000000 0.000000
89731 0.000000 0.000000 0.000000 0.000000
89732 0.000000 0.000000 0.000000 0.000000
89733 0.000000 0.000000 0.000000 0.000000
89734 0.000000 0.000000 0.000000 0.000000
89735 0.000000 0.000000 0.000000 0.000000
89736 0.000000 0.000000 0.000000 0.000000
89737 0.000000 0.000000 0.000000 0.000000
89738 0.000000 0.000000 0.000000 0.000000
89739 0.000000 0.000000 0.000000 0.000000
89740 0.000000 0.000000 0.000000 0.000000
89741 0.000000 0.000000 0.000000 0.000000
89742 0.000000 0.000000 0.000000 0.000000
89743 0.000000 0.000000 0.000000 0.000000
89744 0.000000 0.000000 0.000000 0.000000
89745 0.000000 0.000000 0.000000 0.000000
89746 0.000000 0.000000 0.000000 0.000000
89747 0.000000 0.000000 0.000000 0.000000
89748 0.000000 0.000000 0.000000 0.000000
89749 0.000000 0.000000 0.000000 0.000000
89750 0.000000 0.000000 0.000000 0.000000
89751 0.000000 0.000000 0.000000 0.000000
89752 0.000000 0.000000 0.000000 0.000000
89753 0.000000 0.000000 0.000000 0.000000
89754 0.000000 0.000000 0.000000 0.000000
89755 0.000000 0.000000 0.000000 0.000000
89756 0.000000 0.000000 0.000000 0.000000
89757 0.000000 0.000000 0.000000 0.000000
89758 0.000000 0.000000 0.000000 0.000000
89759 0.000000 0.000000 0.000000 0.000000
89760 0.000000 0.000000 0.000000 0.000000
89761 0.000000 0.000000 0.000000 0.000000
89762 0.000000 0.000000 0.000000 0.000000
89763 0.000000 0.000000 0.000000 0.000000
89764 0.000000 0.000000 0.000000 0.000000
89765 0.000000 0.000000 0.000000 0.000000
89766 0.000000 0.000000 0.000000 0.000000
89767 0.000000 0.000000 0.000000 0.000000
89768 0.000000 0.000000 0.000000 0.000000
89769 0.000000 0.000000 0.000000 0.000000
89770 0.000000 0.000000 0.000000 0.000000
89771 0.000000 0.000000 0.000000 0.000000
89772 0.000000 0.000000 0.000000 0.000000
89773 0.000000 0.000000 0.000000 0.000000
89774 0.000000 0.000000 0.000000 0.000000
89775 0.000000 0.000000 0.000000 0.000000
89776 0.000000 0.000000 0.000000 0.000000
89777 0.000000 0.000000 0.000000 0.000000
89778 0.000000 0.000000 0.000000 0.000000
89779 0.000000 0.000000 0.000000 0.000000
89780 0.000000 0.000000 0.000000 0.000000
89781 0.000000 0.000000 0.000000 0.000000
89782 0.000000 0.000000 0.000000 0.000000
89783 0.000000 0.000000 0.000000 0.000000
89784 0.000000 0.000000 0.000000 0.000000
89785 0.000000 0.000000 0.000000 0.000000
89786 0.000000 0.000000 0.000000 0.000000
89787 0.000000 0.000000 0.000000 0.000000
89788 0.000000 0.000000 0.000000 0.000000
89789 0.000000 0.000000 0.000000 0.000000
89790 0.000000 0.000000 0.000000 0.000000
89791 0.000000 0.000000 0.000000 0.000000
89792 0.000000 0.000000 0.000000 0.000000
89793 0.000000 0.000000 0.000000 0.000000
89794 0.000000 0.000000 0.000000 0.000000
89795 0.000000 0.000000 0.000000 0.000000
89796 0.000000 0.000000 0.000000 0.000000
89797 0.000000 0.000000 0.000000 0.000000
89798 0.000000 0.000000 0.000000 0.000000
89799 0.000000 0.000000 0.000000 0.000000
89800 0.000000 0.000000 0.000000 0.000000
89801 0.000000 0.000000 0.000000 0.000000
89802 0.000000 0.000000 0.000000 0.000000
89803 0.000000 0.000000 0.000000 0.000000
89804 0.000000 0.000000 0.000000 0.000000
89805 0.000000 0.000000 0.000000 0.000000
89806 0.000000 0.000000 0.000000 0.000000
89807 0.000000 0.000000 0.000000 0.000000
89808 0.000000 0.000000 0.000000 0.000000
89809 0.000000 0.000000 0.000000 0.000000
89810 0.000000 0.000000 0.000000 0.000000
89811 0.000000 0.000000 0.000000 0.000000
89812 0.000000 0.000000 0.000000 0.000000
89813 0.000000 0.000000 0.000000 0.000000
89814 0.000000 0.000000 0.000000 0.000000
89815 0.000000 0.000000 0.000000 0.000000
89816 0.000000 0.000000 0.000000 0.000000
89817 0.000000 0.000000 0.000000 0.000000
89818 0.000000 0.000000 0.000000 0.000000
89819 0.000000 0.000000 0.000000 0.000000
89820 0.000000 0.000000 0.000000 0.000000
89821 0.000000 0.000000 0.000000 0.000000
89822 0.000000 0.000000 0.000000 0.000000
89823 0.000000 0.000000 0.000000 0.000000
89824 0.000000 0.000000 0.000000 0.000000
89825 0.000000 0.000000 0.000000 0.000000
89826 0.000000 0.000000 0.000000 0.000000
89827 0.000000 0.000000 0.000000 0.000000
89828 0.000000 0.000000 0.000000 0.000000
89829 0.000000 0.000000 0.000000 0.000000
89830 0.000000 0.000000 0.000000 0.000000
89831 0.000000 0.000000 0.000000 0.000000
89832 0.000000 0.000000 0.000000 0.000000
89833 0.000000 0.000000 0.000000 0.000000
89834 0.000000 0.000000 0.000000 0.000000
89835 0.000000 0.000000 0.000000 0.000000
89836 0.000000 0.000000 0.000000 0.000000
89837 0.000000 0.000000 0.000000 0.000000
89838 0.000000 0.000000 0.000000 0.000000
89839 0.000000 0.000000 0.000000 0.000000
89840 0.000000 0.000000 0.000000 0.000000
89841 0.000000 0.000000 0.000000 0.000000
89842 0.000000 0.000000 0.000000 0.000000
89843 0.000000 0.000000 0.000000 0.000000
89844 0.000000 0.000000 0.000000 0.000000
89845 0.000000 0.000000 0.000000 0.000000
89846 0.000000 0.000000 0.000000 0.000000
89847 0.000000 0.000000 0.000000 0.000000
89848 0.000000 0.000000 0.000000 0.000000
89849 0.000000 0.000000 0.000000 0.000000
89850 0.000000 0.000000 0.000000 0.000000
89851 0.000000 0.000000 0.000000 0.000000
89852 0.000000 0.000000 0.000000 0.000000
89853 0.000000 0.000000 0.000000 0.000000
89854 0.000000 0.000000 0.000000 0.000000
89855 0.000000 0.000000 0.000000 0.000000
89856 0.000000 0.000000 0.000000 0.000000
89857 0.000000 0.000000 0.000000 0.000000
89858 0.000000 0.000000 0.000000 0.000000
89859 0.000000 0.000000 0.000000 0.000000
89860 0.000000 0.000000 0.000000 0.000000
89861 0.000000 0.000000 0.000000 0.000000
89862 0.000000 0.000000 0.000000 0.000000
89863 0.000000 0.000000 0.000000 0.000000
89864 0.000000 0.000000 0.000000 0.000000
89865 0.000000 0.000000 0.000000 0.000000
89866 0.000000 0.000000 0.000000 0.000000
89867 0.000000 0.000000 0.000000 0.000000
89868 0.000000 0.000000 0.000000 0.000000
89869 0.000000 0.000000 0.000000 0.000000
89870 0.000000 0.000000 0.000000 0.000000
89871 0.000000 0.000000 0.000000 0.000000
89872 0.000000 0.000000 0.000000 0.000000
89873 0.000000 0.000000 0.000000 0.000000
89874 0.000000 0.000000 0.000000 0.000000
89875 0.000000 0.000000 0.000000 0.000000
89876 0.000000 0.000000 0.000000 0.000000
89877 0.000000 0.000000 0.000000 0.000000
89878 0.000000 0.000000 0.000000 0.000000
89879 0.000000 0.000000 0.000000 0.000000
89880 0.000000 0.000000 0.000000 0.000000
89881 0.000000 0.000000 0.000000 0.000000
89882 0.000000 0.000000 0.000000 0.000000
89883 0.000000 0.000000 0.000000 0.000000
89884 0.000000 0.000000 0.000000 0.000000
89885 0.000000 0.000000 0.000000 0.000000
89886 0.000000 0.000000 0.000000 0.000000
89887 0.000000 0.000000 0.000000 0.000000
89888 0.000000 0.000000 0.000000 0.000000
89889 0.000000 0.000000 0.000000 0.000000
89890 0.000000 0.000000 0.000000 0.000000
89891 0.000000 0.000000 0.000000 0.000000
89892 0.000000 0.000000 0.000000 0.000000
89893 0.000000 0.000000 0.000000 0.000000
89894 0.000000 0.000000 0.000000 0.000000
89895 0.000000 0.000000 0.000000 0.000000
89896 0.000000 0.000000 0.000000 0.000000
89897 0.000000 0.000000 0.000000 0.000000
89898 0.000000 0.000000 0.000000 0.000000
89899 0.000000 0.000000 0.000000 0.000000
89900 0.000000 0.000000 0.000000 0.000000
89901 0.000000 0.000000 0.000000 0.000000
89902 0.000000 0.000000 0.000000 0.000000
89903 0.000000 0.000000 0.000000 0.000000
89904 0.000000 0.000000 0.000000 0.000000
89905 0.000000 0.000000 0.000000 0.000000
89906 0.000000 0.000000 0.000000 0.000000
89907 0.000000 0.000000 0.000000 0.000000
89908 0.000000 0.000000 0.000000 0.000000
89909 0.000000 0.000000 0.000000 0.000000
89910 0.000000 0.000000 0.000000 0.000000
89911 0.000000 0.000000 0.000000 0.000000
89912 0.000000 0.000000 0.000000 0.000000
89913 0.000000 0.000000 0.000000 0.000000
89914 0.000000 0.000000 0.000000 0.000000
89915 0.000000 0.000000 0.000000 0.000000
89916 0.000000 0.000000 0.000000 0.000000
89917 0.000000 0.000000 0.000000 0.000000
89918 0.000000 0.000000 0.000000 0.000000
89919 0.000000 0.000000 0.000000 0.000000
89920 0.000000 0.000000 0.000000 0.000000
89921 0.000000 0.000000 0.000000 0.000000
89922 0.000000 0.000000 0.000000 0.000000
89923 0.000000 0.000000 0.000000 0.000000
89924 0.000000 0.000000 0.000000 0.000000
89925 0.000000 0.000000 0.000000 0.000000
89926 0.000000 0.000000 0.000000 0.000000
89927 0.000000 0.000000 0.000000 0.000000
89928 0.000000 0.000000 0.000000 0.000000
89929 0.000000 0.000000 0.000000 0.000000
89930 0.000000 0.000000 0.000000 0.000000
89931 0.000000 0.000000 0.000000 0.000000
89932 0.000000 0.000000 0.000000 0.000000
89933 0.000000 0.000000 0.000000 0.000000
89934 0.000000 0.000000 0.000000 0.000000
89935 0.000000 0.000000 0.000000 0.000000
89936 0.000000 0.000000 0.000000 0.000000
89937 0.000000 0.000000 0.000000 0.000000
89938 0.000000 0.000000 0.000000 0.000000
89939 0.000000 0.000000 0.000000 0.000000
89940 0.000000 0.000000 0.000000 0.000000
89941 0.000000 0.000000 0.000000 0.000000
89942 0.000000 0.000000 0.000000 0.000000
89943 0.000000 0.000000 0.000000 0.000000
89944 0.000000 0.000000 0.000000 0.000000
89945 0.000000 0.000000 0.000000 0.000000
89946 0.000000 0.000000 0.000000 0.000000
89947 0.000000 0.000000 0.000000 0.000000
89948 0.000000 0.000000 0.000000 0.000000
89949 0.000000 0.000000 0.000000 0.000000
89950 0.000000 0.000000 0.000000 0.000000
89951 0.000000 0.000000 0.000000 0.000000
89952 0.000000 0.000000 0.000000 0.000000
89953 0.000000 0.000000 0.000000 0.000000
89954 0.000000 0.000000 0.000000 0.000000
89955 0.000000 0.000000 0.000000 0.000000
89956 0.000000 0.000000 0.000000 0.000000
89957 0.000000 0.000000 0.000000 0.000000
89958 0.000000 0.000000 0.000000 0.000000
89959 0.000000 0.000000 0.000000 0.000000
89960 0.000000 0.000000 0.000000 0.000000
89961 0.000000 0.000000 0.000000 0.000000
89962 0.000000 0.000000 0.000000 0.000000
89963 0.000000 0.000000 0.000000 0.000000
89964 0.000000 0.000000 0.000000 0.000000
89965 0.000000 0.000000 0.000000 0.000000
89966 0.000000 0.000000 0.000000 0.000000
89967 0.000000 0.000000 0.000000 0.000000
89968 0.000000 0.000000 0.000000 0.000000
89969 0.000000 0.000000 0.000000 0.000000
89970 0.000000 0.000000 0.000000 0.000000
89971 0.000000 0.000000 0.000000 0.000000
89972 0.000000 0.000000 0.000000 0.000000
89973 0.000000 0.000000 0.000000 0.000000
89974 0.000000 0.000000 0.000000 0.000000
89975 0.000000 0.000000 0.000000 0.000000
89976 0.000000 0.000000 0.000000 0.000000
89977 0.000000 0.000000 0.000000 0.000000
89978 0.000000 0.000000 0.000000 0.000000
89979 0.000000 0.000000 0.000000 0.000000
89980 0.000000 0.000000 0.000000 0.000000
89981 0.000000 0.000000 0.000000 0.000000
89982 0.000000 0.000000 0.000000 0.000000
89983 0.000000 0.000000 0.000000 0.000000
89984 0.000000 0.000000 0.000000 0.000000
89985 0.000000 0.000000 0.000000 0.000000
89986 0.000000 0.000000 0.000000 0.000000
89987 0.000000 0.000000 0.000000 0.000000
89988 0.000000 0.000000 0.000000 0.000000
89989 0.000000 0.000000 0.000000 0.000000
89990 0.000000 0.000000 0.000000 0.000000
89991 0.000000 0.000000 0.000000 0.000000
89992 0.000000 0.000000 0.000000 0.000000
89993 0.000000 0.000000 0.000000 0.000000
89994 0.000000 0.000000 0.000000 0.000000
89995 0.000000 0.000000 0.000000 0.000000
89996 0.000000 0.000000 0.000000 0.000000
89997 0.000000 0.000000 0.000000 0.000000
89998 0.000000 0.000000 0.000000 0.000000
89999 0.000000 0.000000 0.000000 0.000000
90000 0.000000 0.000000 0.000000 0.000000
90001 0.000000 0.000000 0.000000 0.000000
90002 0.000000 0.000000 0.000000 0.000000
90003 0.000000 0.000000 0.000000 0.000000
90004 0.000000 0.000000 0.000000 0.000000
90005 0.000000 0.000000 0.000000 0.000000
90006 0.000000 0.000000 0.000000 0.000000
90007 0.000000 0.000000 0.000000 0.000000
90008 0.000000 0.000000 0.000000 0.000000
90009 0.000000 0.000000 0.000000 0.000000
90010 0.000000 0.000000 0.000000 0.000000
90011 0.000000 0.000000 0.000000 0.000000
90012 0.000000 0.000000 0.000000 0.000000
90013 0.000000 0.000000 0.000000 0.000000
90014 0.000000 0.000000 0.000000 0.000000
90015 0.000000 0.000000 0.000000 0.000000
90016 0.000000 0.000000 0.000000 0.000000
90017 0.000000 0.000000 0.000000 0.000000
90018 0.000000 0.000000 0.000000 0.000000
90019 0.000000 0.000000 0.000000 0.000000
90020 0.000000 0.000000 0.000000 0.000000
90021 0.000000 0.000000 0.000000 0.000000
90022 0.000000 0.000000 0.000000 0.000000
90023 0.000000 0.000000 0.000000 0.000000
90024 0.000000 0.000000 0.000000 0.000000
90025 0.000000 0.000000 0.000000 0.000000
90026 0.000000 0.000000 0.000000 0.000000
90027 0.000000 0.000000 0.000000 0.000000
90028 0.000000 0.000000 0.000000 0.000000
90029 0.000000 0.000000 0.000000 0.000000
90030 0.000000 0.000000 0.000000 0.000000
90031 0.000000 0.000000 0.000000 0.000000
90032 0.000000 0.000000 0.000000 0.000000
90033 0.000000 0.000000 0.000000 0.000000
90034 0.000000 0.000000 0.000000 0.000000
90035 0.000000 0.000000 0.000000 0.000000
90036 0.000000 0.000000 0.000000 0.000000
90037 0.000000 0.000000 0.000000 0.000000
90038 0.000000 0.000000 0.000000 0.000000
90039 0.000000 0.000000 0.000000 0.000000
90040 0.000000 0.000000 0.000000 0.000000
90041 0.000000 0.000000 0.000000 0.000000
90042 0.000000 0.000000 0.000000 0.000000
90043 0.000000 0.000000 0.000000 0.000000
90044 0.000000 0.000000 0.000000 0.000000
90045 0.000000 0.000000 0.000000 0.000000
90046 0.000000 0.000000 0.000000 0.000000
90047 0.000000 0.000000 0.000000 0.000000
90048 0.000000 0.000000 0.000000 0.000000
90049 0.000000 0.000000 0.000000 0.000000
90050 0.000000 0.000000 0.000000 0.000000
90051 0.000000 0.000000 0.000000 0.000000
90052 0.000000 0.000000 0.000000 0.000000
90053 0.000000 0.000000 0.000000 0.000000
90054 0.000000 0.000000 0.000000 0.000000
90055 0.000000 0.000000 0.000000 0.000000
90056 0.000000 0.000000 0.000000 0.000000
90057 0.000000 0.000000 0.000000 0.000000
90058 0.000000 0.000000 0.000000 0.000000
90059 0.000000 0.000000 0.000000 0.000000
90060 0.000000 0.000000 0.000000 0.000000
90061 0.000000 0.000000 0.000000 0.000000
90062 0.000000 0.000000 0.000000 0.000000
90063 0.000000 0.000000 0.000000 0.000000
90064 0.000000 0.000000 0.000000 0.000000
90065 0.000000 0.000000 0.000000 0.000000
90066 0.000000 0.000000 0.000000 0.000000
90067 0.000000 0.000000 0.000000 0.000000
90068 0.000000 0.000000 0.000000 0.000000
90069 0.000000 0.000000 0.000000 0.000000
90070 0.000000 0.000000 0.000000 0.000000
90071 0.000000 0.000000 0.000000 0.000000
90072 0.000000 0.000000 0.000000 0.000000
90073 0.000000 0.000000 0.000000 0.000000
90074 0.000000 0.000000 0.000000 0.000000
90075 0.000000 0.000000 0.000000 0.000000
90076 0.000000 0.000000 0.000000 0.000000
90077 0.000000 0.000000 0.000000 0.000000
90078 0.000000 0.000000 0.000000 0.000000
90079 0.000000 0.000000 0.000000 0.000000
90080 0.000000 0.000000 0.000000 0.000000
90081 0.000000 0.000000 0.000000 0.000000
90082 0.000000 0.000000 0.000000 0.000000
90083 0.000000 0.000000 0.000000 0.000000
90084 0.000000 0.000000 0.000000 0.000000
90085 0.000000 0.000000 0.000000 0.000000
90086 0.000000 0.000000 0.000000 0.000000
90087 0.000000 0.000000 0.000000 0.000000
90088 0.000000 0.000000 0.000000 0.000000
90089 0.000000 0.000000 0.000000 0.000000
90090 0.000000 0.000000 0.000000 0.000000
90091 0.000000 0.000000 0.000000 0.000000
90092 0.000000 0.000000 0.000000 0.000000
90093 0.000000 0.000000 0.000000 0.000000
90094 0.000000 0.000000 0.000000 0.000000
90095 0.000000 0.000000 0.000000 0.000000
90096 0.000000 0.000000 0.000000 0.000000
90097 0.000000 0.000000 0.000000 0.000000
90098 0.000000 0.000000 0.000000 0.000000
90099 0.000000 0.000000 0.000000 0.000000
90100 0.000000 0.000000 0.000000 0.000000
90101 0.000000 0.000000 0.000000 0.000000
90102 0.000000 0.000000 0.000000 0.000000
90103 0.000000 0.000000 0.000000 0.000000
90104 0.000000 0.000000 0.000000 0.000000
90105 0.000000 0.000000 0.000000 0.000000
90106 0.000000 0.000000 0.000000 0.000000
90107 0.000000 0.000000 0.000000 0.000000
90108 0.000000 0.000000 0.000000 0.000000
90109 0.000000 0.000000 0.000000 0.000000
90110 0.000000 0.000000 0.000000 0.000000
90111 0.000000 0.000000 0.000000 0.000000
90112 0.000000 0.000000 0.000000 0.000000
90113 0.000000 0.000000 0.000000 0.000000
90114 0.000000 0.000000 0.000000 0.000000
90115 0.000000 0.000000 0.000000 0.000000
90116 0.000000 0.000000 0.000000 0.000000
90117 0.000000 0.000000 0.000000 0.000000
90118 0.000000 0.000000 0.000000 0.000000
90119 0.000000 0.000000 0.000000 0.000000
90120 0.000000 0.000000 0.000000 0.000000
90121 0.000000 0.000000 0.000000 0.000000
90122 0.000000 0.000000 0.000000 0.000000
90123 0.000000 0.000000 0.000000 0.000000
90124 0.000000 0.000000 0.000000 0.000000
90125 0.000000 0.000000 0.000000 0.000000
90126 0.000000 0.000000 0.000000 0.000000
90127 0.000000 0.000000 0.000000 0.000000
90128 0.000000 0.000000 0.000000 0.000000
90129 0.000000 0.000000 0.000000 0.000000
90130 0.000000 0.000000 0.000000 0.000000
90131 0.000000 0.000000 0.000000 0.000000
