#!ascii label, from subject  
706
88714 0.000000 0.000000 0.000000 0.000000
88715 0.000000 0.000000 0.000000 0.000000
88716 0.000000 0.000000 0.000000 0.000000
88717 0.000000 0.000000 0.000000 0.000000
88718 0.000000 0.000000 0.000000 0.000000
88719 0.000000 0.000000 0.000000 0.000000
88720 0.000000 0.000000 0.000000 0.000000
88721 0.000000 0.000000 0.000000 0.000000
88722 0.000000 0.000000 0.000000 0.000000
88723 0.000000 0.000000 0.000000 0.000000
88724 0.000000 0.000000 0.000000 0.000000
88725 0.000000 0.000000 0.000000 0.000000
88726 0.000000 0.000000 0.000000 0.000000
88727 0.000000 0.000000 0.000000 0.000000
88728 0.000000 0.000000 0.000000 0.000000
88729 0.000000 0.000000 0.000000 0.000000
88730 0.000000 0.000000 0.000000 0.000000
88731 0.000000 0.000000 0.000000 0.000000
88732 0.000000 0.000000 0.000000 0.000000
88733 0.000000 0.000000 0.000000 0.000000
88734 0.000000 0.000000 0.000000 0.000000
88735 0.000000 0.000000 0.000000 0.000000
88736 0.000000 0.000000 0.000000 0.000000
88737 0.000000 0.000000 0.000000 0.000000
88738 0.000000 0.000000 0.000000 0.000000
88739 0.000000 0.000000 0.000000 0.000000
88740 0.000000 0.000000 0.000000 0.000000
88741 0.000000 0.000000 0.000000 0.000000
88742 0.000000 0.000000 0.000000 0.000000
88743 0.000000 0.000000 0.000000 0.000000
88744 0.000000 0.000000 0.000000 0.000000
88745 0.000000 0.000000 0.000000 0.000000
88746 0.000000 0.000000 0.000000 0.000000
88747 0.000000 0.000000 0.000000 0.000000
88748 0.000000 0.000000 0.000000 0.000000
88749 0.000000 0.000000 0.000000 0.000000
88750 0.000000 0.000000 0.000000 0.000000
88751 0.000000 0.000000 0.000000 0.000000
88752 0.000000 0.000000 0.000000 0.000000
88753 0.000000 0.000000 0.000000 0.000000
88754 0.000000 0.000000 0.000000 0.000000
88755 0.000000 0.000000 0.000000 0.000000
88756 0.000000 0.000000 0.000000 0.000000
88757 0.000000 0.000000 0.000000 0.000000
88758 0.000000 0.000000 0.000000 0.000000
88759 0.000000 0.000000 0.000000 0.000000
88760 0.000000 0.000000 0.000000 0.000000
88761 0.000000 0.000000 0.000000 0.000000
88762 0.000000 0.000000 0.000000 0.000000
88763 0.000000 0.000000 0.000000 0.000000
88764 0.000000 0.000000 0.000000 0.000000
88765 0.000000 0.000000 0.000000 0.000000
88766 0.000000 0.000000 0.000000 0.000000
88767 0.000000 0.000000 0.000000 0.000000
88768 0.000000 0.000000 0.000000 0.000000
88769 0.000000 0.000000 0.000000 0.000000
88770 0.000000 0.000000 0.000000 0.000000
88771 0.000000 0.000000 0.000000 0.000000
88772 0.000000 0.000000 0.000000 0.000000
88773 0.000000 0.000000 0.000000 0.000000
88774 0.000000 0.000000 0.000000 0.000000
88775 0.000000 0.000000 0.000000 0.000000
88776 0.000000 0.000000 0.000000 0.000000
88777 0.000000 0.000000 0.000000 0.000000
88778 0.000000 0.000000 0.000000 0.000000
88779 0.000000 0.000000 0.000000 0.000000
88780 0.000000 0.000000 0.000000 0.000000
88781 0.000000 0.000000 0.000000 0.000000
88782 0.000000 0.000000 0.000000 0.000000
88783 0.000000 0.000000 0.000000 0.000000
88784 0.000000 0.000000 0.000000 0.000000
88785 0.000000 0.000000 0.000000 0.000000
88786 0.000000 0.000000 0.000000 0.000000
88787 0.000000 0.000000 0.000000 0.000000
88788 0.000000 0.000000 0.000000 0.000000
88789 0.000000 0.000000 0.000000 0.000000
88790 0.000000 0.000000 0.000000 0.000000
88791 0.000000 0.000000 0.000000 0.000000
88792 0.000000 0.000000 0.000000 0.000000
88793 0.000000 0.000000 0.000000 0.000000
88794 0.000000 0.000000 0.000000 0.000000
88795 0.000000 0.000000 0.000000 0.000000
88796 0.000000 0.000000 0.000000 0.000000
88797 0.000000 0.000000 0.000000 0.000000
88798 0.000000 0.000000 0.000000 0.000000
88799 0.000000 0.000000 0.000000 0.000000
88800 0.000000 0.000000 0.000000 0.000000
88801 0.000000 0.000000 0.000000 0.000000
88802 0.000000 0.000000 0.000000 0.000000
88803 0.000000 0.000000 0.000000 0.000000
88804 0.000000 0.000000 0.000000 0.000000
88805 0.000000 0.000000 0.000000 0.000000
88806 0.000000 0.000000 0.000000 0.000000
88807 0.000000 0.000000 0.000000 0.000000
88808 0.000000 0.000000 0.000000 0.000000
88809 0.000000 0.000000 0.000000 0.000000
88810 0.000000 0.000000 0.000000 0.000000
88811 0.000000 0.000000 0.000000 0.000000
88812 0.000000 0.000000 0.000000 0.000000
88813 0.000000 0.000000 0.000000 0.000000
88814 0.000000 0.000000 0.000000 0.000000
88815 0.000000 0.000000 0.000000 0.000000
88816 0.000000 0.000000 0.000000 0.000000
88817 0.000000 0.000000 0.000000 0.000000
88818 0.000000 0.000000 0.000000 0.000000
88819 0.000000 0.000000 0.000000 0.000000
88820 0.000000 0.000000 0.000000 0.000000
88821 0.000000 0.000000 0.000000 0.000000
88822 0.000000 0.000000 0.000000 0.000000
88823 0.000000 0.000000 0.000000 0.000000
88824 0.000000 0.000000 0.000000 0.000000
88825 0.000000 0.000000 0.000000 0.000000
88826 0.000000 0.000000 0.000000 0.000000
88827 0.000000 0.000000 0.000000 0.000000
88828 0.000000 0.000000 0.000000 0.000000
88829 0.000000 0.000000 0.000000 0.000000
88830 0.000000 0.000000 0.000000 0.000000
88831 0.000000 0.000000 0.000000 0.000000
88832 0.000000 0.000000 0.000000 0.000000
88833 0.000000 0.000000 0.000000 0.000000
88834 0.000000 0.000000 0.000000 0.000000
88835 0.000000 0.000000 0.000000 0.000000
88836 0.000000 0.000000 0.000000 0.000000
88837 0.000000 0.000000 0.000000 0.000000
88838 0.000000 0.000000 0.000000 0.000000
88839 0.000000 0.000000 0.000000 0.000000
88840 0.000000 0.000000 0.000000 0.000000
88841 0.000000 0.000000 0.000000 0.000000
88842 0.000000 0.000000 0.000000 0.000000
88843 0.000000 0.000000 0.000000 0.000000
88844 0.000000 0.000000 0.000000 0.000000
88845 0.000000 0.000000 0.000000 0.000000
88846 0.000000 0.000000 0.000000 0.000000
88847 0.000000 0.000000 0.000000 0.000000
88848 0.000000 0.000000 0.000000 0.000000
88849 0.000000 0.000000 0.000000 0.000000
88850 0.000000 0.000000 0.000000 0.000000
88851 0.000000 0.000000 0.000000 0.000000
88852 0.000000 0.000000 0.000000 0.000000
88853 0.000000 0.000000 0.000000 0.000000
88854 0.000000 0.000000 0.000000 0.000000
88855 0.000000 0.000000 0.000000 0.000000
88856 0.000000 0.000000 0.000000 0.000000
88857 0.000000 0.000000 0.000000 0.000000
88858 0.000000 0.000000 0.000000 0.000000
88859 0.000000 0.000000 0.000000 0.000000
88860 0.000000 0.000000 0.000000 0.000000
88861 0.000000 0.000000 0.000000 0.000000
88862 0.000000 0.000000 0.000000 0.000000
88863 0.000000 0.000000 0.000000 0.000000
88864 0.000000 0.000000 0.000000 0.000000
88865 0.000000 0.000000 0.000000 0.000000
88866 0.000000 0.000000 0.000000 0.000000
88867 0.000000 0.000000 0.000000 0.000000
88868 0.000000 0.000000 0.000000 0.000000
88869 0.000000 0.000000 0.000000 0.000000
88870 0.000000 0.000000 0.000000 0.000000
88871 0.000000 0.000000 0.000000 0.000000
88872 0.000000 0.000000 0.000000 0.000000
88873 0.000000 0.000000 0.000000 0.000000
88874 0.000000 0.000000 0.000000 0.000000
88875 0.000000 0.000000 0.000000 0.000000
88876 0.000000 0.000000 0.000000 0.000000
88877 0.000000 0.000000 0.000000 0.000000
88878 0.000000 0.000000 0.000000 0.000000
88879 0.000000 0.000000 0.000000 0.000000
88880 0.000000 0.000000 0.000000 0.000000
88881 0.000000 0.000000 0.000000 0.000000
88882 0.000000 0.000000 0.000000 0.000000
88883 0.000000 0.000000 0.000000 0.000000
88884 0.000000 0.000000 0.000000 0.000000
88885 0.000000 0.000000 0.000000 0.000000
88886 0.000000 0.000000 0.000000 0.000000
88887 0.000000 0.000000 0.000000 0.000000
88888 0.000000 0.000000 0.000000 0.000000
88889 0.000000 0.000000 0.000000 0.000000
88890 0.000000 0.000000 0.000000 0.000000
88891 0.000000 0.000000 0.000000 0.000000
88892 0.000000 0.000000 0.000000 0.000000
88893 0.000000 0.000000 0.000000 0.000000
88894 0.000000 0.000000 0.000000 0.000000
88895 0.000000 0.000000 0.000000 0.000000
88896 0.000000 0.000000 0.000000 0.000000
88897 0.000000 0.000000 0.000000 0.000000
88898 0.000000 0.000000 0.000000 0.000000
88899 0.000000 0.000000 0.000000 0.000000
88900 0.000000 0.000000 0.000000 0.000000
88901 0.000000 0.000000 0.000000 0.000000
88902 0.000000 0.000000 0.000000 0.000000
88903 0.000000 0.000000 0.000000 0.000000
88904 0.000000 0.000000 0.000000 0.000000
88905 0.000000 0.000000 0.000000 0.000000
88906 0.000000 0.000000 0.000000 0.000000
88907 0.000000 0.000000 0.000000 0.000000
88908 0.000000 0.000000 0.000000 0.000000
88909 0.000000 0.000000 0.000000 0.000000
88910 0.000000 0.000000 0.000000 0.000000
88911 0.000000 0.000000 0.000000 0.000000
88912 0.000000 0.000000 0.000000 0.000000
88913 0.000000 0.000000 0.000000 0.000000
88914 0.000000 0.000000 0.000000 0.000000
88915 0.000000 0.000000 0.000000 0.000000
88916 0.000000 0.000000 0.000000 0.000000
88917 0.000000 0.000000 0.000000 0.000000
88918 0.000000 0.000000 0.000000 0.000000
88919 0.000000 0.000000 0.000000 0.000000
88920 0.000000 0.000000 0.000000 0.000000
88921 0.000000 0.000000 0.000000 0.000000
88922 0.000000 0.000000 0.000000 0.000000
88923 0.000000 0.000000 0.000000 0.000000
88924 0.000000 0.000000 0.000000 0.000000
88925 0.000000 0.000000 0.000000 0.000000
88926 0.000000 0.000000 0.000000 0.000000
88927 0.000000 0.000000 0.000000 0.000000
88928 0.000000 0.000000 0.000000 0.000000
88929 0.000000 0.000000 0.000000 0.000000
88930 0.000000 0.000000 0.000000 0.000000
88931 0.000000 0.000000 0.000000 0.000000
88932 0.000000 0.000000 0.000000 0.000000
88933 0.000000 0.000000 0.000000 0.000000
88934 0.000000 0.000000 0.000000 0.000000
88935 0.000000 0.000000 0.000000 0.000000
88936 0.000000 0.000000 0.000000 0.000000
88937 0.000000 0.000000 0.000000 0.000000
88938 0.000000 0.000000 0.000000 0.000000
88939 0.000000 0.000000 0.000000 0.000000
88940 0.000000 0.000000 0.000000 0.000000
88941 0.000000 0.000000 0.000000 0.000000
88942 0.000000 0.000000 0.000000 0.000000
88943 0.000000 0.000000 0.000000 0.000000
88944 0.000000 0.000000 0.000000 0.000000
88945 0.000000 0.000000 0.000000 0.000000
88946 0.000000 0.000000 0.000000 0.000000
88947 0.000000 0.000000 0.000000 0.000000
88948 0.000000 0.000000 0.000000 0.000000
88949 0.000000 0.000000 0.000000 0.000000
88950 0.000000 0.000000 0.000000 0.000000
88951 0.000000 0.000000 0.000000 0.000000
88952 0.000000 0.000000 0.000000 0.000000
88953 0.000000 0.000000 0.000000 0.000000
88954 0.000000 0.000000 0.000000 0.000000
88955 0.000000 0.000000 0.000000 0.000000
88956 0.000000 0.000000 0.000000 0.000000
88957 0.000000 0.000000 0.000000 0.000000
88958 0.000000 0.000000 0.000000 0.000000
88959 0.000000 0.000000 0.000000 0.000000
88960 0.000000 0.000000 0.000000 0.000000
88961 0.000000 0.000000 0.000000 0.000000
88962 0.000000 0.000000 0.000000 0.000000
88963 0.000000 0.000000 0.000000 0.000000
88964 0.000000 0.000000 0.000000 0.000000
88965 0.000000 0.000000 0.000000 0.000000
88966 0.000000 0.000000 0.000000 0.000000
88967 0.000000 0.000000 0.000000 0.000000
88968 0.000000 0.000000 0.000000 0.000000
88969 0.000000 0.000000 0.000000 0.000000
88970 0.000000 0.000000 0.000000 0.000000
88971 0.000000 0.000000 0.000000 0.000000
88972 0.000000 0.000000 0.000000 0.000000
88973 0.000000 0.000000 0.000000 0.000000
88974 0.000000 0.000000 0.000000 0.000000
88975 0.000000 0.000000 0.000000 0.000000
88976 0.000000 0.000000 0.000000 0.000000
88977 0.000000 0.000000 0.000000 0.000000
88978 0.000000 0.000000 0.000000 0.000000
88979 0.000000 0.000000 0.000000 0.000000
88980 0.000000 0.000000 0.000000 0.000000
88981 0.000000 0.000000 0.000000 0.000000
88982 0.000000 0.000000 0.000000 0.000000
88983 0.000000 0.000000 0.000000 0.000000
88984 0.000000 0.000000 0.000000 0.000000
88985 0.000000 0.000000 0.000000 0.000000
88986 0.000000 0.000000 0.000000 0.000000
88987 0.000000 0.000000 0.000000 0.000000
88988 0.000000 0.000000 0.000000 0.000000
88989 0.000000 0.000000 0.000000 0.000000
88990 0.000000 0.000000 0.000000 0.000000
88991 0.000000 0.000000 0.000000 0.000000
88992 0.000000 0.000000 0.000000 0.000000
88993 0.000000 0.000000 0.000000 0.000000
88994 0.000000 0.000000 0.000000 0.000000
88995 0.000000 0.000000 0.000000 0.000000
88996 0.000000 0.000000 0.000000 0.000000
88997 0.000000 0.000000 0.000000 0.000000
88998 0.000000 0.000000 0.000000 0.000000
88999 0.000000 0.000000 0.000000 0.000000
89000 0.000000 0.000000 0.000000 0.000000
89001 0.000000 0.000000 0.000000 0.000000
89002 0.000000 0.000000 0.000000 0.000000
89003 0.000000 0.000000 0.000000 0.000000
89004 0.000000 0.000000 0.000000 0.000000
89005 0.000000 0.000000 0.000000 0.000000
89006 0.000000 0.000000 0.000000 0.000000
89007 0.000000 0.000000 0.000000 0.000000
89008 0.000000 0.000000 0.000000 0.000000
89009 0.000000 0.000000 0.000000 0.000000
89010 0.000000 0.000000 0.000000 0.000000
89011 0.000000 0.000000 0.000000 0.000000
89012 0.000000 0.000000 0.000000 0.000000
89013 0.000000 0.000000 0.000000 0.000000
89014 0.000000 0.000000 0.000000 0.000000
89015 0.000000 0.000000 0.000000 0.000000
89016 0.000000 0.000000 0.000000 0.000000
89017 0.000000 0.000000 0.000000 0.000000
89018 0.000000 0.000000 0.000000 0.000000
89019 0.000000 0.000000 0.000000 0.000000
89020 0.000000 0.000000 0.000000 0.000000
89021 0.000000 0.000000 0.000000 0.000000
89022 0.000000 0.000000 0.000000 0.000000
89023 0.000000 0.000000 0.000000 0.000000
89024 0.000000 0.000000 0.000000 0.000000
89025 0.000000 0.000000 0.000000 0.000000
89026 0.000000 0.000000 0.000000 0.000000
89027 0.000000 0.000000 0.000000 0.000000
89028 0.000000 0.000000 0.000000 0.000000
89029 0.000000 0.000000 0.000000 0.000000
89030 0.000000 0.000000 0.000000 0.000000
89031 0.000000 0.000000 0.000000 0.000000
89032 0.000000 0.000000 0.000000 0.000000
89033 0.000000 0.000000 0.000000 0.000000
89034 0.000000 0.000000 0.000000 0.000000
89035 0.000000 0.000000 0.000000 0.000000
89036 0.000000 0.000000 0.000000 0.000000
89037 0.000000 0.000000 0.000000 0.000000
89038 0.000000 0.000000 0.000000 0.000000
89039 0.000000 0.000000 0.000000 0.000000
89040 0.000000 0.000000 0.000000 0.000000
89041 0.000000 0.000000 0.000000 0.000000
89042 0.000000 0.000000 0.000000 0.000000
89043 0.000000 0.000000 0.000000 0.000000
89044 0.000000 0.000000 0.000000 0.000000
89045 0.000000 0.000000 0.000000 0.000000
89046 0.000000 0.000000 0.000000 0.000000
89047 0.000000 0.000000 0.000000 0.000000
89048 0.000000 0.000000 0.000000 0.000000
89049 0.000000 0.000000 0.000000 0.000000
89050 0.000000 0.000000 0.000000 0.000000
89051 0.000000 0.000000 0.000000 0.000000
89052 0.000000 0.000000 0.000000 0.000000
89053 0.000000 0.000000 0.000000 0.000000
89054 0.000000 0.000000 0.000000 0.000000
89055 0.000000 0.000000 0.000000 0.000000
89056 0.000000 0.000000 0.000000 0.000000
89057 0.000000 0.000000 0.000000 0.000000
89058 0.000000 0.000000 0.000000 0.000000
89059 0.000000 0.000000 0.000000 0.000000
89060 0.000000 0.000000 0.000000 0.000000
89061 0.000000 0.000000 0.000000 0.000000
89062 0.000000 0.000000 0.000000 0.000000
89063 0.000000 0.000000 0.000000 0.000000
89064 0.000000 0.000000 0.000000 0.000000
89065 0.000000 0.000000 0.000000 0.000000
89066 0.000000 0.000000 0.000000 0.000000
89067 0.000000 0.000000 0.000000 0.000000
89068 0.000000 0.000000 0.000000 0.000000
89069 0.000000 0.000000 0.000000 0.000000
89070 0.000000 0.000000 0.000000 0.000000
89071 0.000000 0.000000 0.000000 0.000000
89072 0.000000 0.000000 0.000000 0.000000
89073 0.000000 0.000000 0.000000 0.000000
89074 0.000000 0.000000 0.000000 0.000000
89075 0.000000 0.000000 0.000000 0.000000
89076 0.000000 0.000000 0.000000 0.000000
89077 0.000000 0.000000 0.000000 0.000000
89078 0.000000 0.000000 0.000000 0.000000
89079 0.000000 0.000000 0.000000 0.000000
89080 0.000000 0.000000 0.000000 0.000000
89081 0.000000 0.000000 0.000000 0.000000
89082 0.000000 0.000000 0.000000 0.000000
89083 0.000000 0.000000 0.000000 0.000000
89084 0.000000 0.000000 0.000000 0.000000
89085 0.000000 0.000000 0.000000 0.000000
89086 0.000000 0.000000 0.000000 0.000000
89087 0.000000 0.000000 0.000000 0.000000
89088 0.000000 0.000000 0.000000 0.000000
89089 0.000000 0.000000 0.000000 0.000000
89090 0.000000 0.000000 0.000000 0.000000
89091 0.000000 0.000000 0.000000 0.000000
89092 0.000000 0.000000 0.000000 0.000000
89093 0.000000 0.000000 0.000000 0.000000
89094 0.000000 0.000000 0.000000 0.000000
89095 0.000000 0.000000 0.000000 0.000000
89096 0.000000 0.000000 0.000000 0.000000
89097 0.000000 0.000000 0.000000 0.000000
89098 0.000000 0.000000 0.000000 0.000000
89099 0.000000 0.000000 0.000000 0.000000
89100 0.000000 0.000000 0.000000 0.000000
89101 0.000000 0.000000 0.000000 0.000000
89102 0.000000 0.000000 0.000000 0.000000
89103 0.000000 0.000000 0.000000 0.000000
89104 0.000000 0.000000 0.000000 0.000000
89105 0.000000 0.000000 0.000000 0.000000
89106 0.000000 0.000000 0.000000 0.000000
89107 0.000000 0.000000 0.000000 0.000000
89108 0.000000 0.000000 0.000000 0.000000
89109 0.000000 0.000000 0.000000 0.000000
89110 0.000000 0.000000 0.000000 0.000000
89111 0.000000 0.000000 0.000000 0.000000
89112 0.000000 0.000000 0.000000 0.000000
89113 0.000000 0.000000 0.000000 0.000000
89114 0.000000 0.000000 0.000000 0.000000
89115 0.000000 0.000000 0.000000 0.000000
89116 0.000000 0.000000 0.000000 0.000000
89117 0.000000 0.000000 0.000000 0.000000
89118 0.000000 0.000000 0.000000 0.000000
89119 0.000000 0.000000 0.000000 0.000000
89120 0.000000 0.000000 0.000000 0.000000
89121 0.000000 0.000000 0.000000 0.000000
89122 0.000000 0.000000 0.000000 0.000000
89123 0.000000 0.000000 0.000000 0.000000
89124 0.000000 0.000000 0.000000 0.000000
89125 0.000000 0.000000 0.000000 0.000000
89126 0.000000 0.000000 0.000000 0.000000
89127 0.000000 0.000000 0.000000 0.000000
89128 0.000000 0.000000 0.000000 0.000000
89129 0.000000 0.000000 0.000000 0.000000
89130 0.000000 0.000000 0.000000 0.000000
89131 0.000000 0.000000 0.000000 0.000000
89132 0.000000 0.000000 0.000000 0.000000
89133 0.000000 0.000000 0.000000 0.000000
89134 0.000000 0.000000 0.000000 0.000000
89135 0.000000 0.000000 0.000000 0.000000
89136 0.000000 0.000000 0.000000 0.000000
89137 0.000000 0.000000 0.000000 0.000000
89138 0.000000 0.000000 0.000000 0.000000
89139 0.000000 0.000000 0.000000 0.000000
89140 0.000000 0.000000 0.000000 0.000000
89141 0.000000 0.000000 0.000000 0.000000
89142 0.000000 0.000000 0.000000 0.000000
89143 0.000000 0.000000 0.000000 0.000000
89144 0.000000 0.000000 0.000000 0.000000
89145 0.000000 0.000000 0.000000 0.000000
89146 0.000000 0.000000 0.000000 0.000000
89147 0.000000 0.000000 0.000000 0.000000
89148 0.000000 0.000000 0.000000 0.000000
89149 0.000000 0.000000 0.000000 0.000000
89150 0.000000 0.000000 0.000000 0.000000
89151 0.000000 0.000000 0.000000 0.000000
89152 0.000000 0.000000 0.000000 0.000000
89153 0.000000 0.000000 0.000000 0.000000
89154 0.000000 0.000000 0.000000 0.000000
89155 0.000000 0.000000 0.000000 0.000000
89156 0.000000 0.000000 0.000000 0.000000
89157 0.000000 0.000000 0.000000 0.000000
89158 0.000000 0.000000 0.000000 0.000000
89159 0.000000 0.000000 0.000000 0.000000
89160 0.000000 0.000000 0.000000 0.000000
89161 0.000000 0.000000 0.000000 0.000000
89162 0.000000 0.000000 0.000000 0.000000
89163 0.000000 0.000000 0.000000 0.000000
89164 0.000000 0.000000 0.000000 0.000000
89165 0.000000 0.000000 0.000000 0.000000
89166 0.000000 0.000000 0.000000 0.000000
89167 0.000000 0.000000 0.000000 0.000000
89168 0.000000 0.000000 0.000000 0.000000
89169 0.000000 0.000000 0.000000 0.000000
89170 0.000000 0.000000 0.000000 0.000000
89171 0.000000 0.000000 0.000000 0.000000
89172 0.000000 0.000000 0.000000 0.000000
89173 0.000000 0.000000 0.000000 0.000000
89174 0.000000 0.000000 0.000000 0.000000
89175 0.000000 0.000000 0.000000 0.000000
89176 0.000000 0.000000 0.000000 0.000000
89177 0.000000 0.000000 0.000000 0.000000
89178 0.000000 0.000000 0.000000 0.000000
89179 0.000000 0.000000 0.000000 0.000000
89180 0.000000 0.000000 0.000000 0.000000
89181 0.000000 0.000000 0.000000 0.000000
89182 0.000000 0.000000 0.000000 0.000000
89183 0.000000 0.000000 0.000000 0.000000
89184 0.000000 0.000000 0.000000 0.000000
89185 0.000000 0.000000 0.000000 0.000000
89186 0.000000 0.000000 0.000000 0.000000
89187 0.000000 0.000000 0.000000 0.000000
89188 0.000000 0.000000 0.000000 0.000000
89189 0.000000 0.000000 0.000000 0.000000
89190 0.000000 0.000000 0.000000 0.000000
89191 0.000000 0.000000 0.000000 0.000000
89192 0.000000 0.000000 0.000000 0.000000
89193 0.000000 0.000000 0.000000 0.000000
89194 0.000000 0.000000 0.000000 0.000000
89195 0.000000 0.000000 0.000000 0.000000
89196 0.000000 0.000000 0.000000 0.000000
89197 0.000000 0.000000 0.000000 0.000000
89198 0.000000 0.000000 0.000000 0.000000
89199 0.000000 0.000000 0.000000 0.000000
89200 0.000000 0.000000 0.000000 0.000000
89201 0.000000 0.000000 0.000000 0.000000
89202 0.000000 0.000000 0.000000 0.000000
89203 0.000000 0.000000 0.000000 0.000000
89204 0.000000 0.000000 0.000000 0.000000
89205 0.000000 0.000000 0.000000 0.000000
89206 0.000000 0.000000 0.000000 0.000000
89207 0.000000 0.000000 0.000000 0.000000
89208 0.000000 0.000000 0.000000 0.000000
89209 0.000000 0.000000 0.000000 0.000000
89210 0.000000 0.000000 0.000000 0.000000
89211 0.000000 0.000000 0.000000 0.000000
89212 0.000000 0.000000 0.000000 0.000000
89213 0.000000 0.000000 0.000000 0.000000
89214 0.000000 0.000000 0.000000 0.000000
89215 0.000000 0.000000 0.000000 0.000000
89216 0.000000 0.000000 0.000000 0.000000
89217 0.000000 0.000000 0.000000 0.000000
89218 0.000000 0.000000 0.000000 0.000000
89219 0.000000 0.000000 0.000000 0.000000
89220 0.000000 0.000000 0.000000 0.000000
89221 0.000000 0.000000 0.000000 0.000000
89222 0.000000 0.000000 0.000000 0.000000
89223 0.000000 0.000000 0.000000 0.000000
89224 0.000000 0.000000 0.000000 0.000000
89225 0.000000 0.000000 0.000000 0.000000
89226 0.000000 0.000000 0.000000 0.000000
89227 0.000000 0.000000 0.000000 0.000000
89228 0.000000 0.000000 0.000000 0.000000
89229 0.000000 0.000000 0.000000 0.000000
89230 0.000000 0.000000 0.000000 0.000000
89231 0.000000 0.000000 0.000000 0.000000
89232 0.000000 0.000000 0.000000 0.000000
89233 0.000000 0.000000 0.000000 0.000000
89234 0.000000 0.000000 0.000000 0.000000
89235 0.000000 0.000000 0.000000 0.000000
89236 0.000000 0.000000 0.000000 0.000000
89237 0.000000 0.000000 0.000000 0.000000
89238 0.000000 0.000000 0.000000 0.000000
89239 0.000000 0.000000 0.000000 0.000000
89240 0.000000 0.000000 0.000000 0.000000
89241 0.000000 0.000000 0.000000 0.000000
89242 0.000000 0.000000 0.000000 0.000000
89243 0.000000 0.000000 0.000000 0.000000
89244 0.000000 0.000000 0.000000 0.000000
89245 0.000000 0.000000 0.000000 0.000000
89246 0.000000 0.000000 0.000000 0.000000
89247 0.000000 0.000000 0.000000 0.000000
89248 0.000000 0.000000 0.000000 0.000000
89249 0.000000 0.000000 0.000000 0.000000
89250 0.000000 0.000000 0.000000 0.000000
89251 0.000000 0.000000 0.000000 0.000000
89252 0.000000 0.000000 0.000000 0.000000
89253 0.000000 0.000000 0.000000 0.000000
89254 0.000000 0.000000 0.000000 0.000000
89255 0.000000 0.000000 0.000000 0.000000
89256 0.000000 0.000000 0.000000 0.000000
89257 0.000000 0.000000 0.000000 0.000000
89258 0.000000 0.000000 0.000000 0.000000
89259 0.000000 0.000000 0.000000 0.000000
89260 0.000000 0.000000 0.000000 0.000000
89261 0.000000 0.000000 0.000000 0.000000
89262 0.000000 0.000000 0.000000 0.000000
89263 0.000000 0.000000 0.000000 0.000000
89264 0.000000 0.000000 0.000000 0.000000
89265 0.000000 0.000000 0.000000 0.000000
89266 0.000000 0.000000 0.000000 0.000000
89267 0.000000 0.000000 0.000000 0.000000
89268 0.000000 0.000000 0.000000 0.000000
89269 0.000000 0.000000 0.000000 0.000000
89270 0.000000 0.000000 0.000000 0.000000
89271 0.000000 0.000000 0.000000 0.000000
89272 0.000000 0.000000 0.000000 0.000000
89273 0.000000 0.000000 0.000000 0.000000
89274 0.000000 0.000000 0.000000 0.000000
89275 0.000000 0.000000 0.000000 0.000000
89276 0.000000 0.000000 0.000000 0.000000
89277 0.000000 0.000000 0.000000 0.000000
89278 0.000000 0.000000 0.000000 0.000000
89279 0.000000 0.000000 0.000000 0.000000
89280 0.000000 0.000000 0.000000 0.000000
89281 0.000000 0.000000 0.000000 0.000000
89282 0.000000 0.000000 0.000000 0.000000
89283 0.000000 0.000000 0.000000 0.000000
89284 0.000000 0.000000 0.000000 0.000000
89285 0.000000 0.000000 0.000000 0.000000
89286 0.000000 0.000000 0.000000 0.000000
89287 0.000000 0.000000 0.000000 0.000000
89288 0.000000 0.000000 0.000000 0.000000
89289 0.000000 0.000000 0.000000 0.000000
89290 0.000000 0.000000 0.000000 0.000000
89291 0.000000 0.000000 0.000000 0.000000
89292 0.000000 0.000000 0.000000 0.000000
89293 0.000000 0.000000 0.000000 0.000000
89294 0.000000 0.000000 0.000000 0.000000
89295 0.000000 0.000000 0.000000 0.000000
89296 0.000000 0.000000 0.000000 0.000000
89297 0.000000 0.000000 0.000000 0.000000
89298 0.000000 0.000000 0.000000 0.000000
89299 0.000000 0.000000 0.000000 0.000000
89300 0.000000 0.000000 0.000000 0.000000
89301 0.000000 0.000000 0.000000 0.000000
89302 0.000000 0.000000 0.000000 0.000000
89303 0.000000 0.000000 0.000000 0.000000
89304 0.000000 0.000000 0.000000 0.000000
89305 0.000000 0.000000 0.000000 0.000000
89306 0.000000 0.000000 0.000000 0.000000
89307 0.000000 0.000000 0.000000 0.000000
89308 0.000000 0.000000 0.000000 0.000000
89309 0.000000 0.000000 0.000000 0.000000
89310 0.000000 0.000000 0.000000 0.000000
89311 0.000000 0.000000 0.000000 0.000000
89312 0.000000 0.000000 0.000000 0.000000
89313 0.000000 0.000000 0.000000 0.000000
89314 0.000000 0.000000 0.000000 0.000000
89315 0.000000 0.000000 0.000000 0.000000
89316 0.000000 0.000000 0.000000 0.000000
89317 0.000000 0.000000 0.000000 0.000000
89318 0.000000 0.000000 0.000000 0.000000
89319 0.000000 0.000000 0.000000 0.000000
89320 0.000000 0.000000 0.000000 0.000000
89321 0.000000 0.000000 0.000000 0.000000
89322 0.000000 0.000000 0.000000 0.000000
89323 0.000000 0.000000 0.000000 0.000000
89324 0.000000 0.000000 0.000000 0.000000
89325 0.000000 0.000000 0.000000 0.000000
89326 0.000000 0.000000 0.000000 0.000000
89327 0.000000 0.000000 0.000000 0.000000
89328 0.000000 0.000000 0.000000 0.000000
89329 0.000000 0.000000 0.000000 0.000000
89330 0.000000 0.000000 0.000000 0.000000
89331 0.000000 0.000000 0.000000 0.000000
89332 0.000000 0.000000 0.000000 0.000000
89333 0.000000 0.000000 0.000000 0.000000
89334 0.000000 0.000000 0.000000 0.000000
89335 0.000000 0.000000 0.000000 0.000000
89336 0.000000 0.000000 0.000000 0.000000
89337 0.000000 0.000000 0.000000 0.000000
89338 0.000000 0.000000 0.000000 0.000000
89339 0.000000 0.000000 0.000000 0.000000
89340 0.000000 0.000000 0.000000 0.000000
89341 0.000000 0.000000 0.000000 0.000000
89342 0.000000 0.000000 0.000000 0.000000
89343 0.000000 0.000000 0.000000 0.000000
89344 0.000000 0.000000 0.000000 0.000000
89345 0.000000 0.000000 0.000000 0.000000
89346 0.000000 0.000000 0.000000 0.000000
89347 0.000000 0.000000 0.000000 0.000000
89348 0.000000 0.000000 0.000000 0.000000
89349 0.000000 0.000000 0.000000 0.000000
89350 0.000000 0.000000 0.000000 0.000000
89351 0.000000 0.000000 0.000000 0.000000
89352 0.000000 0.000000 0.000000 0.000000
89353 0.000000 0.000000 0.000000 0.000000
89354 0.000000 0.000000 0.000000 0.000000
89355 0.000000 0.000000 0.000000 0.000000
89356 0.000000 0.000000 0.000000 0.000000
89357 0.000000 0.000000 0.000000 0.000000
89358 0.000000 0.000000 0.000000 0.000000
89359 0.000000 0.000000 0.000000 0.000000
89360 0.000000 0.000000 0.000000 0.000000
89361 0.000000 0.000000 0.000000 0.000000
89362 0.000000 0.000000 0.000000 0.000000
89363 0.000000 0.000000 0.000000 0.000000
89364 0.000000 0.000000 0.000000 0.000000
89365 0.000000 0.000000 0.000000 0.000000
89366 0.000000 0.000000 0.000000 0.000000
89367 0.000000 0.000000 0.000000 0.000000
89368 0.000000 0.000000 0.000000 0.000000
89369 0.000000 0.000000 0.000000 0.000000
89370 0.000000 0.000000 0.000000 0.000000
89371 0.000000 0.000000 0.000000 0.000000
89372 0.000000 0.000000 0.000000 0.000000
89373 0.000000 0.000000 0.000000 0.000000
89374 0.000000 0.000000 0.000000 0.000000
89375 0.000000 0.000000 0.000000 0.000000
89376 0.000000 0.000000 0.000000 0.000000
89377 0.000000 0.000000 0.000000 0.000000
89378 0.000000 0.000000 0.000000 0.000000
89379 0.000000 0.000000 0.000000 0.000000
89380 0.000000 0.000000 0.000000 0.000000
89381 0.000000 0.000000 0.000000 0.000000
89382 0.000000 0.000000 0.000000 0.000000
89383 0.000000 0.000000 0.000000 0.000000
89384 0.000000 0.000000 0.000000 0.000000
89385 0.000000 0.000000 0.000000 0.000000
89386 0.000000 0.000000 0.000000 0.000000
89387 0.000000 0.000000 0.000000 0.000000
89388 0.000000 0.000000 0.000000 0.000000
89389 0.000000 0.000000 0.000000 0.000000
89390 0.000000 0.000000 0.000000 0.000000
89391 0.000000 0.000000 0.000000 0.000000
89392 0.000000 0.000000 0.000000 0.000000
89393 0.000000 0.000000 0.000000 0.000000
89394 0.000000 0.000000 0.000000 0.000000
89395 0.000000 0.000000 0.000000 0.000000
89396 0.000000 0.000000 0.000000 0.000000
89397 0.000000 0.000000 0.000000 0.000000
89398 0.000000 0.000000 0.000000 0.000000
89399 0.000000 0.000000 0.000000 0.000000
89400 0.000000 0.000000 0.000000 0.000000
89401 0.000000 0.000000 0.000000 0.000000
89402 0.000000 0.000000 0.000000 0.000000
89403 0.000000 0.000000 0.000000 0.000000
89404 0.000000 0.000000 0.000000 0.000000
89405 0.000000 0.000000 0.000000 0.000000
89406 0.000000 0.000000 0.000000 0.000000
89407 0.000000 0.000000 0.000000 0.000000
89408 0.000000 0.000000 0.000000 0.000000
89409 0.000000 0.000000 0.000000 0.000000
89410 0.000000 0.000000 0.000000 0.000000
89411 0.000000 0.000000 0.000000 0.000000
89412 0.000000 0.000000 0.000000 0.000000
89413 0.000000 0.000000 0.000000 0.000000
89414 0.000000 0.000000 0.000000 0.000000
89415 0.000000 0.000000 0.000000 0.000000
89416 0.000000 0.000000 0.000000 0.000000
89417 0.000000 0.000000 0.000000 0.000000
89418 0.000000 0.000000 0.000000 0.000000
89419 0.000000 0.000000 0.000000 0.000000
