#!ascii label, from subject  
764
90132 0.000000 0.000000 0.000000 0.000000
90133 0.000000 0.000000 0.000000 0.000000
90134 0.000000 0.000000 0.000000 0.000000
90135 0.000000 0.000000 0.000000 0.000000
90136 0.000000 0.000000 0.000000 0.000000
90137 0.000000 0.000000 0.000000 0.000000
90138 0.000000 0.000000 0.000000 0.000000
90139 0.000000 0.000000 0.000000 0.000000
90140 0.000000 0.000000 0.000000 0.000000
90141 0.000000 0.000000 0.000000 0.000000
90142 0.000000 0.000000 0.000000 0.000000
90143 0.000000 0.000000 0.000000 0.000000
90144 0.000000 0.000000 0.000000 0.000000
90145 0.000000 0.000000 0.000000 0.000000
90146 0.000000 0.000000 0.000000 0.000000
90147 0.000000 0.000000 0.000000 0.000000
90148 0.000000 0.000000 0.000000 0.000000
90149 0.000000 0.000000 0.000000 0.000000
90150 0.000000 0.000000 0.000000 0.000000
90151 0.000000 0.000000 0.000000 0.000000
90152 0.000000 0.000000 0.000000 0.000000
90153 0.000000 0.000000 0.000000 0.000000
90154 0.000000 0.000000 0.000000 0.000000
90155 0.000000 0.000000 0.000000 0.000000
90156 0.000000 0.000000 0.000000 0.000000
90157 0.000000 0.000000 0.000000 0.000000
90158 0.000000 0.000000 0.000000 0.000000
90159 0.000000 0.000000 0.000000 0.000000
90160 0.000000 0.000000 0.000000 0.000000
90161 0.000000 0.000000 0.000000 0.000000
90162 0.000000 0.000000 0.000000 0.000000
90163 0.000000 0.000000 0.000000 0.000000
90164 0.000000 0.000000 0.000000 0.000000
90165 0.000000 0.000000 0.000000 0.000000
90166 0.000000 0.000000 0.000000 0.000000
90167 0.000000 0.000000 0.000000 0.000000
90168 0.000000 0.000000 0.000000 0.000000
90169 0.000000 0.000000 0.000000 0.000000
90170 0.000000 0.000000 0.000000 0.000000
90171 0.000000 0.000000 0.000000 0.000000
90172 0.000000 0.000000 0.000000 0.000000
90173 0.000000 0.000000 0.000000 0.000000
90174 0.000000 0.000000 0.000000 0.000000
90175 0.000000 0.000000 0.000000 0.000000
90176 0.000000 0.000000 0.000000 0.000000
90177 0.000000 0.000000 0.000000 0.000000
90178 0.000000 0.000000 0.000000 0.000000
90179 0.000000 0.000000 0.000000 0.000000
90180 0.000000 0.000000 0.000000 0.000000
90181 0.000000 0.000000 0.000000 0.000000
90182 0.000000 0.000000 0.000000 0.000000
90183 0.000000 0.000000 0.000000 0.000000
90184 0.000000 0.000000 0.000000 0.000000
90185 0.000000 0.000000 0.000000 0.000000
90186 0.000000 0.000000 0.000000 0.000000
90187 0.000000 0.000000 0.000000 0.000000
90188 0.000000 0.000000 0.000000 0.000000
90189 0.000000 0.000000 0.000000 0.000000
90190 0.000000 0.000000 0.000000 0.000000
90191 0.000000 0.000000 0.000000 0.000000
90192 0.000000 0.000000 0.000000 0.000000
90193 0.000000 0.000000 0.000000 0.000000
90194 0.000000 0.000000 0.000000 0.000000
90195 0.000000 0.000000 0.000000 0.000000
90196 0.000000 0.000000 0.000000 0.000000
90197 0.000000 0.000000 0.000000 0.000000
90198 0.000000 0.000000 0.000000 0.000000
90199 0.000000 0.000000 0.000000 0.000000
90200 0.000000 0.000000 0.000000 0.000000
90201 0.000000 0.000000 0.000000 0.000000
90202 0.000000 0.000000 0.000000 0.000000
90203 0.000000 0.000000 0.000000 0.000000
90204 0.000000 0.000000 0.000000 0.000000
90205 0.000000 0.000000 0.000000 0.000000
90206 0.000000 0.000000 0.000000 0.000000
90207 0.000000 0.000000 0.000000 0.000000
90208 0.000000 0.000000 0.000000 0.000000
90209 0.000000 0.000000 0.000000 0.000000
90210 0.000000 0.000000 0.000000 0.000000
90211 0.000000 0.000000 0.000000 0.000000
90212 0.000000 0.000000 0.000000 0.000000
90213 0.000000 0.000000 0.000000 0.000000
90214 0.000000 0.000000 0.000000 0.000000
90215 0.000000 0.000000 0.000000 0.000000
90216 0.000000 0.000000 0.000000 0.000000
90217 0.000000 0.000000 0.000000 0.000000
90218 0.000000 0.000000 0.000000 0.000000
90219 0.000000 0.000000 0.000000 0.000000
90220 0.000000 0.000000 0.000000 0.000000
90221 0.000000 0.000000 0.000000 0.000000
90222 0.000000 0.000000 0.000000 0.000000
90223 0.000000 0.000000 0.000000 0.000000
90224 0.000000 0.000000 0.000000 0.000000
90225 0.000000 0.000000 0.000000 0.000000
90226 0.000000 0.000000 0.000000 0.000000
90227 0.000000 0.000000 0.000000 0.000000
90228 0.000000 0.000000 0.000000 0.000000
90229 0.000000 0.000000 0.000000 0.000000
90230 0.000000 0.000000 0.000000 0.000000
90231 0.000000 0.000000 0.000000 0.000000
90232 0.000000 0.000000 0.000000 0.000000
90233 0.000000 0.000000 0.000000 0.000000
90234 0.000000 0.000000 0.000000 0.000000
90235 0.000000 0.000000 0.000000 0.000000
90236 0.000000 0.000000 0.000000 0.000000
90237 0.000000 0.000000 0.000000 0.000000
90238 0.000000 0.000000 0.000000 0.000000
90239 0.000000 0.000000 0.000000 0.000000
90240 0.000000 0.000000 0.000000 0.000000
90241 0.000000 0.000000 0.000000 0.000000
90242 0.000000 0.000000 0.000000 0.000000
90243 0.000000 0.000000 0.000000 0.000000
90244 0.000000 0.000000 0.000000 0.000000
90245 0.000000 0.000000 0.000000 0.000000
90246 0.000000 0.000000 0.000000 0.000000
90247 0.000000 0.000000 0.000000 0.000000
90248 0.000000 0.000000 0.000000 0.000000
90249 0.000000 0.000000 0.000000 0.000000
90250 0.000000 0.000000 0.000000 0.000000
90251 0.000000 0.000000 0.000000 0.000000
90252 0.000000 0.000000 0.000000 0.000000
90253 0.000000 0.000000 0.000000 0.000000
90254 0.000000 0.000000 0.000000 0.000000
90255 0.000000 0.000000 0.000000 0.000000
90256 0.000000 0.000000 0.000000 0.000000
90257 0.000000 0.000000 0.000000 0.000000
90258 0.000000 0.000000 0.000000 0.000000
90259 0.000000 0.000000 0.000000 0.000000
90260 0.000000 0.000000 0.000000 0.000000
90261 0.000000 0.000000 0.000000 0.000000
90262 0.000000 0.000000 0.000000 0.000000
90263 0.000000 0.000000 0.000000 0.000000
90264 0.000000 0.000000 0.000000 0.000000
90265 0.000000 0.000000 0.000000 0.000000
90266 0.000000 0.000000 0.000000 0.000000
90267 0.000000 0.000000 0.000000 0.000000
90268 0.000000 0.000000 0.000000 0.000000
90269 0.000000 0.000000 0.000000 0.000000
90270 0.000000 0.000000 0.000000 0.000000
90271 0.000000 0.000000 0.000000 0.000000
90272 0.000000 0.000000 0.000000 0.000000
90273 0.000000 0.000000 0.000000 0.000000
90274 0.000000 0.000000 0.000000 0.000000
90275 0.000000 0.000000 0.000000 0.000000
90276 0.000000 0.000000 0.000000 0.000000
90277 0.000000 0.000000 0.000000 0.000000
90278 0.000000 0.000000 0.000000 0.000000
90279 0.000000 0.000000 0.000000 0.000000
90280 0.000000 0.000000 0.000000 0.000000
90281 0.000000 0.000000 0.000000 0.000000
90282 0.000000 0.000000 0.000000 0.000000
90283 0.000000 0.000000 0.000000 0.000000
90284 0.000000 0.000000 0.000000 0.000000
90285 0.000000 0.000000 0.000000 0.000000
90286 0.000000 0.000000 0.000000 0.000000
90287 0.000000 0.000000 0.000000 0.000000
90288 0.000000 0.000000 0.000000 0.000000
90289 0.000000 0.000000 0.000000 0.000000
90290 0.000000 0.000000 0.000000 0.000000
90291 0.000000 0.000000 0.000000 0.000000
90292 0.000000 0.000000 0.000000 0.000000
90293 0.000000 0.000000 0.000000 0.000000
90294 0.000000 0.000000 0.000000 0.000000
90295 0.000000 0.000000 0.000000 0.000000
90296 0.000000 0.000000 0.000000 0.000000
90297 0.000000 0.000000 0.000000 0.000000
90298 0.000000 0.000000 0.000000 0.000000
90299 0.000000 0.000000 0.000000 0.000000
90300 0.000000 0.000000 0.000000 0.000000
90301 0.000000 0.000000 0.000000 0.000000
90302 0.000000 0.000000 0.000000 0.000000
90303 0.000000 0.000000 0.000000 0.000000
90304 0.000000 0.000000 0.000000 0.000000
90305 0.000000 0.000000 0.000000 0.000000
90306 0.000000 0.000000 0.000000 0.000000
90307 0.000000 0.000000 0.000000 0.000000
90308 0.000000 0.000000 0.000000 0.000000
90309 0.000000 0.000000 0.000000 0.000000
90310 0.000000 0.000000 0.000000 0.000000
90311 0.000000 0.000000 0.000000 0.000000
90312 0.000000 0.000000 0.000000 0.000000
90313 0.000000 0.000000 0.000000 0.000000
90314 0.000000 0.000000 0.000000 0.000000
90315 0.000000 0.000000 0.000000 0.000000
90316 0.000000 0.000000 0.000000 0.000000
90317 0.000000 0.000000 0.000000 0.000000
90318 0.000000 0.000000 0.000000 0.000000
90319 0.000000 0.000000 0.000000 0.000000
90320 0.000000 0.000000 0.000000 0.000000
90321 0.000000 0.000000 0.000000 0.000000
90322 0.000000 0.000000 0.000000 0.000000
90323 0.000000 0.000000 0.000000 0.000000
90324 0.000000 0.000000 0.000000 0.000000
90325 0.000000 0.000000 0.000000 0.000000
90326 0.000000 0.000000 0.000000 0.000000
90327 0.000000 0.000000 0.000000 0.000000
90328 0.000000 0.000000 0.000000 0.000000
90329 0.000000 0.000000 0.000000 0.000000
90330 0.000000 0.000000 0.000000 0.000000
90331 0.000000 0.000000 0.000000 0.000000
90332 0.000000 0.000000 0.000000 0.000000
90333 0.000000 0.000000 0.000000 0.000000
90334 0.000000 0.000000 0.000000 0.000000
90335 0.000000 0.000000 0.000000 0.000000
90336 0.000000 0.000000 0.000000 0.000000
90337 0.000000 0.000000 0.000000 0.000000
90338 0.000000 0.000000 0.000000 0.000000
90339 0.000000 0.000000 0.000000 0.000000
90340 0.000000 0.000000 0.000000 0.000000
90341 0.000000 0.000000 0.000000 0.000000
90342 0.000000 0.000000 0.000000 0.000000
90343 0.000000 0.000000 0.000000 0.000000
90344 0.000000 0.000000 0.000000 0.000000
90345 0.000000 0.000000 0.000000 0.000000
90346 0.000000 0.000000 0.000000 0.000000
90347 0.000000 0.000000 0.000000 0.000000
90348 0.000000 0.000000 0.000000 0.000000
90349 0.000000 0.000000 0.000000 0.000000
90350 0.000000 0.000000 0.000000 0.000000
90351 0.000000 0.000000 0.000000 0.000000
90352 0.000000 0.000000 0.000000 0.000000
90353 0.000000 0.000000 0.000000 0.000000
90354 0.000000 0.000000 0.000000 0.000000
90355 0.000000 0.000000 0.000000 0.000000
90356 0.000000 0.000000 0.000000 0.000000
90357 0.000000 0.000000 0.000000 0.000000
90358 0.000000 0.000000 0.000000 0.000000
90359 0.000000 0.000000 0.000000 0.000000
90360 0.000000 0.000000 0.000000 0.000000
90361 0.000000 0.000000 0.000000 0.000000
90362 0.000000 0.000000 0.000000 0.000000
90363 0.000000 0.000000 0.000000 0.000000
90364 0.000000 0.000000 0.000000 0.000000
90365 0.000000 0.000000 0.000000 0.000000
90366 0.000000 0.000000 0.000000 0.000000
90367 0.000000 0.000000 0.000000 0.000000
90368 0.000000 0.000000 0.000000 0.000000
90369 0.000000 0.000000 0.000000 0.000000
90370 0.000000 0.000000 0.000000 0.000000
90371 0.000000 0.000000 0.000000 0.000000
90372 0.000000 0.000000 0.000000 0.000000
90373 0.000000 0.000000 0.000000 0.000000
90374 0.000000 0.000000 0.000000 0.000000
90375 0.000000 0.000000 0.000000 0.000000
90376 0.000000 0.000000 0.000000 0.000000
90377 0.000000 0.000000 0.000000 0.000000
90378 0.000000 0.000000 0.000000 0.000000
90379 0.000000 0.000000 0.000000 0.000000
90380 0.000000 0.000000 0.000000 0.000000
90381 0.000000 0.000000 0.000000 0.000000
90382 0.000000 0.000000 0.000000 0.000000
90383 0.000000 0.000000 0.000000 0.000000
90384 0.000000 0.000000 0.000000 0.000000
90385 0.000000 0.000000 0.000000 0.000000
90386 0.000000 0.000000 0.000000 0.000000
90387 0.000000 0.000000 0.000000 0.000000
90388 0.000000 0.000000 0.000000 0.000000
90389 0.000000 0.000000 0.000000 0.000000
90390 0.000000 0.000000 0.000000 0.000000
90391 0.000000 0.000000 0.000000 0.000000
90392 0.000000 0.000000 0.000000 0.000000
90393 0.000000 0.000000 0.000000 0.000000
90394 0.000000 0.000000 0.000000 0.000000
90395 0.000000 0.000000 0.000000 0.000000
90396 0.000000 0.000000 0.000000 0.000000
90397 0.000000 0.000000 0.000000 0.000000
90398 0.000000 0.000000 0.000000 0.000000
90399 0.000000 0.000000 0.000000 0.000000
90400 0.000000 0.000000 0.000000 0.000000
90401 0.000000 0.000000 0.000000 0.000000
90402 0.000000 0.000000 0.000000 0.000000
90403 0.000000 0.000000 0.000000 0.000000
90404 0.000000 0.000000 0.000000 0.000000
90405 0.000000 0.000000 0.000000 0.000000
90406 0.000000 0.000000 0.000000 0.000000
90407 0.000000 0.000000 0.000000 0.000000
90408 0.000000 0.000000 0.000000 0.000000
90409 0.000000 0.000000 0.000000 0.000000
90410 0.000000 0.000000 0.000000 0.000000
90411 0.000000 0.000000 0.000000 0.000000
90412 0.000000 0.000000 0.000000 0.000000
90413 0.000000 0.000000 0.000000 0.000000
90414 0.000000 0.000000 0.000000 0.000000
90415 0.000000 0.000000 0.000000 0.000000
90416 0.000000 0.000000 0.000000 0.000000
90417 0.000000 0.000000 0.000000 0.000000
90418 0.000000 0.000000 0.000000 0.000000
90419 0.000000 0.000000 0.000000 0.000000
90420 0.000000 0.000000 0.000000 0.000000
90421 0.000000 0.000000 0.000000 0.000000
90422 0.000000 0.000000 0.000000 0.000000
90423 0.000000 0.000000 0.000000 0.000000
90424 0.000000 0.000000 0.000000 0.000000
90425 0.000000 0.000000 0.000000 0.000000
90426 0.000000 0.000000 0.000000 0.000000
90427 0.000000 0.000000 0.000000 0.000000
90428 0.000000 0.000000 0.000000 0.000000
90429 0.000000 0.000000 0.000000 0.000000
90430 0.000000 0.000000 0.000000 0.000000
90431 0.000000 0.000000 0.000000 0.000000
90432 0.000000 0.000000 0.000000 0.000000
90433 0.000000 0.000000 0.000000 0.000000
90434 0.000000 0.000000 0.000000 0.000000
90435 0.000000 0.000000 0.000000 0.000000
90436 0.000000 0.000000 0.000000 0.000000
90437 0.000000 0.000000 0.000000 0.000000
90438 0.000000 0.000000 0.000000 0.000000
90439 0.000000 0.000000 0.000000 0.000000
90440 0.000000 0.000000 0.000000 0.000000
90441 0.000000 0.000000 0.000000 0.000000
90442 0.000000 0.000000 0.000000 0.000000
90443 0.000000 0.000000 0.000000 0.000000
90444 0.000000 0.000000 0.000000 0.000000
90445 0.000000 0.000000 0.000000 0.000000
90446 0.000000 0.000000 0.000000 0.000000
90447 0.000000 0.000000 0.000000 0.000000
90448 0.000000 0.000000 0.000000 0.000000
90449 0.000000 0.000000 0.000000 0.000000
90450 0.000000 0.000000 0.000000 0.000000
90451 0.000000 0.000000 0.000000 0.000000
90452 0.000000 0.000000 0.000000 0.000000
90453 0.000000 0.000000 0.000000 0.000000
90454 0.000000 0.000000 0.000000 0.000000
90455 0.000000 0.000000 0.000000 0.000000
90456 0.000000 0.000000 0.000000 0.000000
90457 0.000000 0.000000 0.000000 0.000000
90458 0.000000 0.000000 0.000000 0.000000
90459 0.000000 0.000000 0.000000 0.000000
90460 0.000000 0.000000 0.000000 0.000000
90461 0.000000 0.000000 0.000000 0.000000
90462 0.000000 0.000000 0.000000 0.000000
90463 0.000000 0.000000 0.000000 0.000000
90464 0.000000 0.000000 0.000000 0.000000
90465 0.000000 0.000000 0.000000 0.000000
90466 0.000000 0.000000 0.000000 0.000000
90467 0.000000 0.000000 0.000000 0.000000
90468 0.000000 0.000000 0.000000 0.000000
90469 0.000000 0.000000 0.000000 0.000000
90470 0.000000 0.000000 0.000000 0.000000
90471 0.000000 0.000000 0.000000 0.000000
90472 0.000000 0.000000 0.000000 0.000000
90473 0.000000 0.000000 0.000000 0.000000
90474 0.000000 0.000000 0.000000 0.000000
90475 0.000000 0.000000 0.000000 0.000000
90476 0.000000 0.000000 0.000000 0.000000
90477 0.000000 0.000000 0.000000 0.000000
90478 0.000000 0.000000 0.000000 0.000000
90479 0.000000 0.000000 0.000000 0.000000
90480 0.000000 0.000000 0.000000 0.000000
90481 0.000000 0.000000 0.000000 0.000000
90482 0.000000 0.000000 0.000000 0.000000
90483 0.000000 0.000000 0.000000 0.000000
90484 0.000000 0.000000 0.000000 0.000000
90485 0.000000 0.000000 0.000000 0.000000
90486 0.000000 0.000000 0.000000 0.000000
90487 0.000000 0.000000 0.000000 0.000000
90488 0.000000 0.000000 0.000000 0.000000
90489 0.000000 0.000000 0.000000 0.000000
90490 0.000000 0.000000 0.000000 0.000000
90491 0.000000 0.000000 0.000000 0.000000
90492 0.000000 0.000000 0.000000 0.000000
90493 0.000000 0.000000 0.000000 0.000000
90494 0.000000 0.000000 0.000000 0.000000
90495 0.000000 0.000000 0.000000 0.000000
90496 0.000000 0.000000 0.000000 0.000000
90497 0.000000 0.000000 0.000000 0.000000
90498 0.000000 0.000000 0.000000 0.000000
90499 0.000000 0.000000 0.000000 0.000000
90500 0.000000 0.000000 0.000000 0.000000
90501 0.000000 0.000000 0.000000 0.000000
90502 0.000000 0.000000 0.000000 0.000000
90503 0.000000 0.000000 0.000000 0.000000
90504 0.000000 0.000000 0.000000 0.000000
90505 0.000000 0.000000 0.000000 0.000000
90506 0.000000 0.000000 0.000000 0.000000
90507 0.000000 0.000000 0.000000 0.000000
90508 0.000000 0.000000 0.000000 0.000000
90509 0.000000 0.000000 0.000000 0.000000
90510 0.000000 0.000000 0.000000 0.000000
90511 0.000000 0.000000 0.000000 0.000000
90512 0.000000 0.000000 0.000000 0.000000
90513 0.000000 0.000000 0.000000 0.000000
90514 0.000000 0.000000 0.000000 0.000000
90515 0.000000 0.000000 0.000000 0.000000
90516 0.000000 0.000000 0.000000 0.000000
90517 0.000000 0.000000 0.000000 0.000000
90518 0.000000 0.000000 0.000000 0.000000
90519 0.000000 0.000000 0.000000 0.000000
90520 0.000000 0.000000 0.000000 0.000000
90521 0.000000 0.000000 0.000000 0.000000
90522 0.000000 0.000000 0.000000 0.000000
90523 0.000000 0.000000 0.000000 0.000000
90524 0.000000 0.000000 0.000000 0.000000
90525 0.000000 0.000000 0.000000 0.000000
90526 0.000000 0.000000 0.000000 0.000000
90527 0.000000 0.000000 0.000000 0.000000
90528 0.000000 0.000000 0.000000 0.000000
90529 0.000000 0.000000 0.000000 0.000000
90530 0.000000 0.000000 0.000000 0.000000
90531 0.000000 0.000000 0.000000 0.000000
90532 0.000000 0.000000 0.000000 0.000000
90533 0.000000 0.000000 0.000000 0.000000
90534 0.000000 0.000000 0.000000 0.000000
90535 0.000000 0.000000 0.000000 0.000000
90536 0.000000 0.000000 0.000000 0.000000
90537 0.000000 0.000000 0.000000 0.000000
90538 0.000000 0.000000 0.000000 0.000000
90539 0.000000 0.000000 0.000000 0.000000
90540 0.000000 0.000000 0.000000 0.000000
90541 0.000000 0.000000 0.000000 0.000000
90542 0.000000 0.000000 0.000000 0.000000
90543 0.000000 0.000000 0.000000 0.000000
90544 0.000000 0.000000 0.000000 0.000000
90545 0.000000 0.000000 0.000000 0.000000
90546 0.000000 0.000000 0.000000 0.000000
90547 0.000000 0.000000 0.000000 0.000000
90548 0.000000 0.000000 0.000000 0.000000
90549 0.000000 0.000000 0.000000 0.000000
90550 0.000000 0.000000 0.000000 0.000000
90551 0.000000 0.000000 0.000000 0.000000
90552 0.000000 0.000000 0.000000 0.000000
90553 0.000000 0.000000 0.000000 0.000000
90554 0.000000 0.000000 0.000000 0.000000
90555 0.000000 0.000000 0.000000 0.000000
90556 0.000000 0.000000 0.000000 0.000000
90557 0.000000 0.000000 0.000000 0.000000
90558 0.000000 0.000000 0.000000 0.000000
90559 0.000000 0.000000 0.000000 0.000000
90560 0.000000 0.000000 0.000000 0.000000
90561 0.000000 0.000000 0.000000 0.000000
90562 0.000000 0.000000 0.000000 0.000000
90563 0.000000 0.000000 0.000000 0.000000
90564 0.000000 0.000000 0.000000 0.000000
90565 0.000000 0.000000 0.000000 0.000000
90566 0.000000 0.000000 0.000000 0.000000
90567 0.000000 0.000000 0.000000 0.000000
90568 0.000000 0.000000 0.000000 0.000000
90569 0.000000 0.000000 0.000000 0.000000
90570 0.000000 0.000000 0.000000 0.000000
90571 0.000000 0.000000 0.000000 0.000000
90572 0.000000 0.000000 0.000000 0.000000
90573 0.000000 0.000000 0.000000 0.000000
90574 0.000000 0.000000 0.000000 0.000000
90575 0.000000 0.000000 0.000000 0.000000
90576 0.000000 0.000000 0.000000 0.000000
90577 0.000000 0.000000 0.000000 0.000000
90578 0.000000 0.000000 0.000000 0.000000
90579 0.000000 0.000000 0.000000 0.000000
90580 0.000000 0.000000 0.000000 0.000000
90581 0.000000 0.000000 0.000000 0.000000
90582 0.000000 0.000000 0.000000 0.000000
90583 0.000000 0.000000 0.000000 0.000000
90584 0.000000 0.000000 0.000000 0.000000
90585 0.000000 0.000000 0.000000 0.000000
90586 0.000000 0.000000 0.000000 0.000000
90587 0.000000 0.000000 0.000000 0.000000
90588 0.000000 0.000000 0.000000 0.000000
90589 0.000000 0.000000 0.000000 0.000000
90590 0.000000 0.000000 0.000000 0.000000
90591 0.000000 0.000000 0.000000 0.000000
90592 0.000000 0.000000 0.000000 0.000000
90593 0.000000 0.000000 0.000000 0.000000
90594 0.000000 0.000000 0.000000 0.000000
90595 0.000000 0.000000 0.000000 0.000000
90596 0.000000 0.000000 0.000000 0.000000
90597 0.000000 0.000000 0.000000 0.000000
90598 0.000000 0.000000 0.000000 0.000000
90599 0.000000 0.000000 0.000000 0.000000
90600 0.000000 0.000000 0.000000 0.000000
90601 0.000000 0.000000 0.000000 0.000000
90602 0.000000 0.000000 0.000000 0.000000
90603 0.000000 0.000000 0.000000 0.000000
90604 0.000000 0.000000 0.000000 0.000000
90605 0.000000 0.000000 0.000000 0.000000
90606 0.000000 0.000000 0.000000 0.000000
90607 0.000000 0.000000 0.000000 0.000000
90608 0.000000 0.000000 0.000000 0.000000
90609 0.000000 0.000000 0.000000 0.000000
90610 0.000000 0.000000 0.000000 0.000000
90611 0.000000 0.000000 0.000000 0.000000
90612 0.000000 0.000000 0.000000 0.000000
90613 0.000000 0.000000 0.000000 0.000000
90614 0.000000 0.000000 0.000000 0.000000
90615 0.000000 0.000000 0.000000 0.000000
90616 0.000000 0.000000 0.000000 0.000000
90617 0.000000 0.000000 0.000000 0.000000
90618 0.000000 0.000000 0.000000 0.000000
90619 0.000000 0.000000 0.000000 0.000000
90620 0.000000 0.000000 0.000000 0.000000
90621 0.000000 0.000000 0.000000 0.000000
90622 0.000000 0.000000 0.000000 0.000000
90623 0.000000 0.000000 0.000000 0.000000
90624 0.000000 0.000000 0.000000 0.000000
90625 0.000000 0.000000 0.000000 0.000000
90626 0.000000 0.000000 0.000000 0.000000
90627 0.000000 0.000000 0.000000 0.000000
90628 0.000000 0.000000 0.000000 0.000000
90629 0.000000 0.000000 0.000000 0.000000
90630 0.000000 0.000000 0.000000 0.000000
90631 0.000000 0.000000 0.000000 0.000000
90632 0.000000 0.000000 0.000000 0.000000
90633 0.000000 0.000000 0.000000 0.000000
90634 0.000000 0.000000 0.000000 0.000000
90635 0.000000 0.000000 0.000000 0.000000
90636 0.000000 0.000000 0.000000 0.000000
90637 0.000000 0.000000 0.000000 0.000000
90638 0.000000 0.000000 0.000000 0.000000
90639 0.000000 0.000000 0.000000 0.000000
90640 0.000000 0.000000 0.000000 0.000000
90641 0.000000 0.000000 0.000000 0.000000
90642 0.000000 0.000000 0.000000 0.000000
90643 0.000000 0.000000 0.000000 0.000000
90644 0.000000 0.000000 0.000000 0.000000
90645 0.000000 0.000000 0.000000 0.000000
90646 0.000000 0.000000 0.000000 0.000000
90647 0.000000 0.000000 0.000000 0.000000
90648 0.000000 0.000000 0.000000 0.000000
90649 0.000000 0.000000 0.000000 0.000000
90650 0.000000 0.000000 0.000000 0.000000
90651 0.000000 0.000000 0.000000 0.000000
90652 0.000000 0.000000 0.000000 0.000000
90653 0.000000 0.000000 0.000000 0.000000
90654 0.000000 0.000000 0.000000 0.000000
90655 0.000000 0.000000 0.000000 0.000000
90656 0.000000 0.000000 0.000000 0.000000
90657 0.000000 0.000000 0.000000 0.000000
90658 0.000000 0.000000 0.000000 0.000000
90659 0.000000 0.000000 0.000000 0.000000
90660 0.000000 0.000000 0.000000 0.000000
90661 0.000000 0.000000 0.000000 0.000000
90662 0.000000 0.000000 0.000000 0.000000
90663 0.000000 0.000000 0.000000 0.000000
90664 0.000000 0.000000 0.000000 0.000000
90665 0.000000 0.000000 0.000000 0.000000
90666 0.000000 0.000000 0.000000 0.000000
90667 0.000000 0.000000 0.000000 0.000000
90668 0.000000 0.000000 0.000000 0.000000
90669 0.000000 0.000000 0.000000 0.000000
90670 0.000000 0.000000 0.000000 0.000000
90671 0.000000 0.000000 0.000000 0.000000
90672 0.000000 0.000000 0.000000 0.000000
90673 0.000000 0.000000 0.000000 0.000000
90674 0.000000 0.000000 0.000000 0.000000
90675 0.000000 0.000000 0.000000 0.000000
90676 0.000000 0.000000 0.000000 0.000000
90677 0.000000 0.000000 0.000000 0.000000
90678 0.000000 0.000000 0.000000 0.000000
90679 0.000000 0.000000 0.000000 0.000000
90680 0.000000 0.000000 0.000000 0.000000
90681 0.000000 0.000000 0.000000 0.000000
90682 0.000000 0.000000 0.000000 0.000000
90683 0.000000 0.000000 0.000000 0.000000
90684 0.000000 0.000000 0.000000 0.000000
90685 0.000000 0.000000 0.000000 0.000000
90686 0.000000 0.000000 0.000000 0.000000
90687 0.000000 0.000000 0.000000 0.000000
90688 0.000000 0.000000 0.000000 0.000000
90689 0.000000 0.000000 0.000000 0.000000
90690 0.000000 0.000000 0.000000 0.000000
90691 0.000000 0.000000 0.000000 0.000000
90692 0.000000 0.000000 0.000000 0.000000
90693 0.000000 0.000000 0.000000 0.000000
90694 0.000000 0.000000 0.000000 0.000000
90695 0.000000 0.000000 0.000000 0.000000
90696 0.000000 0.000000 0.000000 0.000000
90697 0.000000 0.000000 0.000000 0.000000
90698 0.000000 0.000000 0.000000 0.000000
90699 0.000000 0.000000 0.000000 0.000000
90700 0.000000 0.000000 0.000000 0.000000
90701 0.000000 0.000000 0.000000 0.000000
90702 0.000000 0.000000 0.000000 0.000000
90703 0.000000 0.000000 0.000000 0.000000
90704 0.000000 0.000000 0.000000 0.000000
90705 0.000000 0.000000 0.000000 0.000000
90706 0.000000 0.000000 0.000000 0.000000
90707 0.000000 0.000000 0.000000 0.000000
90708 0.000000 0.000000 0.000000 0.000000
90709 0.000000 0.000000 0.000000 0.000000
90710 0.000000 0.000000 0.000000 0.000000
90711 0.000000 0.000000 0.000000 0.000000
90712 0.000000 0.000000 0.000000 0.000000
90713 0.000000 0.000000 0.000000 0.000000
90714 0.000000 0.000000 0.000000 0.000000
90715 0.000000 0.000000 0.000000 0.000000
90716 0.000000 0.000000 0.000000 0.000000
90717 0.000000 0.000000 0.000000 0.000000
90718 0.000000 0.000000 0.000000 0.000000
90719 0.000000 0.000000 0.000000 0.000000
90720 0.000000 0.000000 0.000000 0.000000
90721 0.000000 0.000000 0.000000 0.000000
90722 0.000000 0.000000 0.000000 0.000000
90723 0.000000 0.000000 0.000000 0.000000
90724 0.000000 0.000000 0.000000 0.000000
90725 0.000000 0.000000 0.000000 0.000000
90726 0.000000 0.000000 0.000000 0.000000
90727 0.000000 0.000000 0.000000 0.000000
90728 0.000000 0.000000 0.000000 0.000000
90729 0.000000 0.000000 0.000000 0.000000
90730 0.000000 0.000000 0.000000 0.000000
90731 0.000000 0.000000 0.000000 0.000000
90732 0.000000 0.000000 0.000000 0.000000
90733 0.000000 0.000000 0.000000 0.000000
90734 0.000000 0.000000 0.000000 0.000000
90735 0.000000 0.000000 0.000000 0.000000
90736 0.000000 0.000000 0.000000 0.000000
90737 0.000000 0.000000 0.000000 0.000000
90738 0.000000 0.000000 0.000000 0.000000
90739 0.000000 0.000000 0.000000 0.000000
90740 0.000000 0.000000 0.000000 0.000000
90741 0.000000 0.000000 0.000000 0.000000
90742 0.000000 0.000000 0.000000 0.000000
90743 0.000000 0.000000 0.000000 0.000000
90744 0.000000 0.000000 0.000000 0.000000
90745 0.000000 0.000000 0.000000 0.000000
90746 0.000000 0.000000 0.000000 0.000000
90747 0.000000 0.000000 0.000000 0.000000
90748 0.000000 0.000000 0.000000 0.000000
90749 0.000000 0.000000 0.000000 0.000000
90750 0.000000 0.000000 0.000000 0.000000
90751 0.000000 0.000000 0.000000 0.000000
90752 0.000000 0.000000 0.000000 0.000000
90753 0.000000 0.000000 0.000000 0.000000
90754 0.000000 0.000000 0.000000 0.000000
90755 0.000000 0.000000 0.000000 0.000000
90756 0.000000 0.000000 0.000000 0.000000
90757 0.000000 0.000000 0.000000 0.000000
90758 0.000000 0.000000 0.000000 0.000000
90759 0.000000 0.000000 0.000000 0.000000
90760 0.000000 0.000000 0.000000 0.000000
90761 0.000000 0.000000 0.000000 0.000000
90762 0.000000 0.000000 0.000000 0.000000
90763 0.000000 0.000000 0.000000 0.000000
90764 0.000000 0.000000 0.000000 0.000000
90765 0.000000 0.000000 0.000000 0.000000
90766 0.000000 0.000000 0.000000 0.000000
90767 0.000000 0.000000 0.000000 0.000000
90768 0.000000 0.000000 0.000000 0.000000
90769 0.000000 0.000000 0.000000 0.000000
90770 0.000000 0.000000 0.000000 0.000000
90771 0.000000 0.000000 0.000000 0.000000
90772 0.000000 0.000000 0.000000 0.000000
90773 0.000000 0.000000 0.000000 0.000000
90774 0.000000 0.000000 0.000000 0.000000
90775 0.000000 0.000000 0.000000 0.000000
90776 0.000000 0.000000 0.000000 0.000000
90777 0.000000 0.000000 0.000000 0.000000
90778 0.000000 0.000000 0.000000 0.000000
90779 0.000000 0.000000 0.000000 0.000000
90780 0.000000 0.000000 0.000000 0.000000
90781 0.000000 0.000000 0.000000 0.000000
90782 0.000000 0.000000 0.000000 0.000000
90783 0.000000 0.000000 0.000000 0.000000
90784 0.000000 0.000000 0.000000 0.000000
90785 0.000000 0.000000 0.000000 0.000000
90786 0.000000 0.000000 0.000000 0.000000
90787 0.000000 0.000000 0.000000 0.000000
90788 0.000000 0.000000 0.000000 0.000000
90789 0.000000 0.000000 0.000000 0.000000
90790 0.000000 0.000000 0.000000 0.000000
90791 0.000000 0.000000 0.000000 0.000000
90792 0.000000 0.000000 0.000000 0.000000
90793 0.000000 0.000000 0.000000 0.000000
90794 0.000000 0.000000 0.000000 0.000000
90795 0.000000 0.000000 0.000000 0.000000
90796 0.000000 0.000000 0.000000 0.000000
90797 0.000000 0.000000 0.000000 0.000000
90798 0.000000 0.000000 0.000000 0.000000
90799 0.000000 0.000000 0.000000 0.000000
90800 0.000000 0.000000 0.000000 0.000000
90801 0.000000 0.000000 0.000000 0.000000
90802 0.000000 0.000000 0.000000 0.000000
90803 0.000000 0.000000 0.000000 0.000000
90804 0.000000 0.000000 0.000000 0.000000
90805 0.000000 0.000000 0.000000 0.000000
90806 0.000000 0.000000 0.000000 0.000000
90807 0.000000 0.000000 0.000000 0.000000
90808 0.000000 0.000000 0.000000 0.000000
90809 0.000000 0.000000 0.000000 0.000000
90810 0.000000 0.000000 0.000000 0.000000
90811 0.000000 0.000000 0.000000 0.000000
90812 0.000000 0.000000 0.000000 0.000000
90813 0.000000 0.000000 0.000000 0.000000
90814 0.000000 0.000000 0.000000 0.000000
90815 0.000000 0.000000 0.000000 0.000000
90816 0.000000 0.000000 0.000000 0.000000
90817 0.000000 0.000000 0.000000 0.000000
90818 0.000000 0.000000 0.000000 0.000000
90819 0.000000 0.000000 0.000000 0.000000
90820 0.000000 0.000000 0.000000 0.000000
90821 0.000000 0.000000 0.000000 0.000000
90822 0.000000 0.000000 0.000000 0.000000
90823 0.000000 0.000000 0.000000 0.000000
90824 0.000000 0.000000 0.000000 0.000000
90825 0.000000 0.000000 0.000000 0.000000
90826 0.000000 0.000000 0.000000 0.000000
90827 0.000000 0.000000 0.000000 0.000000
90828 0.000000 0.000000 0.000000 0.000000
90829 0.000000 0.000000 0.000000 0.000000
90830 0.000000 0.000000 0.000000 0.000000
90831 0.000000 0.000000 0.000000 0.000000
90832 0.000000 0.000000 0.000000 0.000000
90833 0.000000 0.000000 0.000000 0.000000
90834 0.000000 0.000000 0.000000 0.000000
90835 0.000000 0.000000 0.000000 0.000000
90836 0.000000 0.000000 0.000000 0.000000
90837 0.000000 0.000000 0.000000 0.000000
90838 0.000000 0.000000 0.000000 0.000000
90839 0.000000 0.000000 0.000000 0.000000
90840 0.000000 0.000000 0.000000 0.000000
90841 0.000000 0.000000 0.000000 0.000000
90842 0.000000 0.000000 0.000000 0.000000
90843 0.000000 0.000000 0.000000 0.000000
90844 0.000000 0.000000 0.000000 0.000000
90845 0.000000 0.000000 0.000000 0.000000
90846 0.000000 0.000000 0.000000 0.000000
90847 0.000000 0.000000 0.000000 0.000000
90848 0.000000 0.000000 0.000000 0.000000
90849 0.000000 0.000000 0.000000 0.000000
90850 0.000000 0.000000 0.000000 0.000000
90851 0.000000 0.000000 0.000000 0.000000
90852 0.000000 0.000000 0.000000 0.000000
90853 0.000000 0.000000 0.000000 0.000000
90854 0.000000 0.000000 0.000000 0.000000
90855 0.000000 0.000000 0.000000 0.000000
90856 0.000000 0.000000 0.000000 0.000000
90857 0.000000 0.000000 0.000000 0.000000
90858 0.000000 0.000000 0.000000 0.000000
90859 0.000000 0.000000 0.000000 0.000000
90860 0.000000 0.000000 0.000000 0.000000
90861 0.000000 0.000000 0.000000 0.000000
90862 0.000000 0.000000 0.000000 0.000000
90863 0.000000 0.000000 0.000000 0.000000
90864 0.000000 0.000000 0.000000 0.000000
90865 0.000000 0.000000 0.000000 0.000000
90866 0.000000 0.000000 0.000000 0.000000
90867 0.000000 0.000000 0.000000 0.000000
90868 0.000000 0.000000 0.000000 0.000000
90869 0.000000 0.000000 0.000000 0.000000
90870 0.000000 0.000000 0.000000 0.000000
90871 0.000000 0.000000 0.000000 0.000000
90872 0.000000 0.000000 0.000000 0.000000
90873 0.000000 0.000000 0.000000 0.000000
90874 0.000000 0.000000 0.000000 0.000000
90875 0.000000 0.000000 0.000000 0.000000
90876 0.000000 0.000000 0.000000 0.000000
90877 0.000000 0.000000 0.000000 0.000000
90878 0.000000 0.000000 0.000000 0.000000
90879 0.000000 0.000000 0.000000 0.000000
90880 0.000000 0.000000 0.000000 0.000000
90881 0.000000 0.000000 0.000000 0.000000
90882 0.000000 0.000000 0.000000 0.000000
90883 0.000000 0.000000 0.000000 0.000000
90884 0.000000 0.000000 0.000000 0.000000
90885 0.000000 0.000000 0.000000 0.000000
90886 0.000000 0.000000 0.000000 0.000000
90887 0.000000 0.000000 0.000000 0.000000
90888 0.000000 0.000000 0.000000 0.000000
90889 0.000000 0.000000 0.000000 0.000000
90890 0.000000 0.000000 0.000000 0.000000
90891 0.000000 0.000000 0.000000 0.000000
90892 0.000000 0.000000 0.000000 0.000000
90893 0.000000 0.000000 0.000000 0.000000
90894 0.000000 0.000000 0.000000 0.000000
90895 0.000000 0.000000 0.000000 0.000000
