#!ascii label, from subject  
795
90896 0.000000 0.000000 0.000000 0.000000
90897 0.000000 0.000000 0.000000 0.000000
90898 0.000000 0.000000 0.000000 0.000000
90899 0.000000 0.000000 0.000000 0.000000
90900 0.000000 0.000000 0.000000 0.000000
90901 0.000000 0.000000 0.000000 0.000000
90902 0.000000 0.000000 0.000000 0.000000
90903 0.000000 0.000000 0.000000 0.000000
90904 0.000000 0.000000 0.000000 0.000000
90905 0.000000 0.000000 0.000000 0.000000
90906 0.000000 0.000000 0.000000 0.000000
90907 0.000000 0.000000 0.000000 0.000000
90908 0.000000 0.000000 0.000000 0.000000
90909 0.000000 0.000000 0.000000 0.000000
90910 0.000000 0.000000 0.000000 0.000000
90911 0.000000 0.000000 0.000000 0.000000
90912 0.000000 0.000000 0.000000 0.000000
90913 0.000000 0.000000 0.000000 0.000000
90914 0.000000 0.000000 0.000000 0.000000
90915 0.000000 0.000000 0.000000 0.000000
90916 0.000000 0.000000 0.000000 0.000000
90917 0.000000 0.000000 0.000000 0.000000
90918 0.000000 0.000000 0.000000 0.000000
90919 0.000000 0.000000 0.000000 0.000000
90920 0.000000 0.000000 0.000000 0.000000
90921 0.000000 0.000000 0.000000 0.000000
90922 0.000000 0.000000 0.000000 0.000000
90923 0.000000 0.000000 0.000000 0.000000
90924 0.000000 0.000000 0.000000 0.000000
90925 0.000000 0.000000 0.000000 0.000000
90926 0.000000 0.000000 0.000000 0.000000
90927 0.000000 0.000000 0.000000 0.000000
90928 0.000000 0.000000 0.000000 0.000000
90929 0.000000 0.000000 0.000000 0.000000
90930 0.000000 0.000000 0.000000 0.000000
90931 0.000000 0.000000 0.000000 0.000000
90932 0.000000 0.000000 0.000000 0.000000
90933 0.000000 0.000000 0.000000 0.000000
90934 0.000000 0.000000 0.000000 0.000000
90935 0.000000 0.000000 0.000000 0.000000
90936 0.000000 0.000000 0.000000 0.000000
90937 0.000000 0.000000 0.000000 0.000000
90938 0.000000 0.000000 0.000000 0.000000
90939 0.000000 0.000000 0.000000 0.000000
90940 0.000000 0.000000 0.000000 0.000000
90941 0.000000 0.000000 0.000000 0.000000
90942 0.000000 0.000000 0.000000 0.000000
90943 0.000000 0.000000 0.000000 0.000000
90944 0.000000 0.000000 0.000000 0.000000
90945 0.000000 0.000000 0.000000 0.000000
90946 0.000000 0.000000 0.000000 0.000000
90947 0.000000 0.000000 0.000000 0.000000
90948 0.000000 0.000000 0.000000 0.000000
90949 0.000000 0.000000 0.000000 0.000000
90950 0.000000 0.000000 0.000000 0.000000
90951 0.000000 0.000000 0.000000 0.000000
90952 0.000000 0.000000 0.000000 0.000000
90953 0.000000 0.000000 0.000000 0.000000
90954 0.000000 0.000000 0.000000 0.000000
90955 0.000000 0.000000 0.000000 0.000000
90956 0.000000 0.000000 0.000000 0.000000
90957 0.000000 0.000000 0.000000 0.000000
90958 0.000000 0.000000 0.000000 0.000000
90959 0.000000 0.000000 0.000000 0.000000
90960 0.000000 0.000000 0.000000 0.000000
90961 0.000000 0.000000 0.000000 0.000000
90962 0.000000 0.000000 0.000000 0.000000
90963 0.000000 0.000000 0.000000 0.000000
90964 0.000000 0.000000 0.000000 0.000000
90965 0.000000 0.000000 0.000000 0.000000
90966 0.000000 0.000000 0.000000 0.000000
90967 0.000000 0.000000 0.000000 0.000000
90968 0.000000 0.000000 0.000000 0.000000
90969 0.000000 0.000000 0.000000 0.000000
90970 0.000000 0.000000 0.000000 0.000000
90971 0.000000 0.000000 0.000000 0.000000
90972 0.000000 0.000000 0.000000 0.000000
90973 0.000000 0.000000 0.000000 0.000000
90974 0.000000 0.000000 0.000000 0.000000
90975 0.000000 0.000000 0.000000 0.000000
90976 0.000000 0.000000 0.000000 0.000000
90977 0.000000 0.000000 0.000000 0.000000
90978 0.000000 0.000000 0.000000 0.000000
90979 0.000000 0.000000 0.000000 0.000000
90980 0.000000 0.000000 0.000000 0.000000
90981 0.000000 0.000000 0.000000 0.000000
90982 0.000000 0.000000 0.000000 0.000000
90983 0.000000 0.000000 0.000000 0.000000
90984 0.000000 0.000000 0.000000 0.000000
90985 0.000000 0.000000 0.000000 0.000000
90986 0.000000 0.000000 0.000000 0.000000
90987 0.000000 0.000000 0.000000 0.000000
90988 0.000000 0.000000 0.000000 0.000000
90989 0.000000 0.000000 0.000000 0.000000
90990 0.000000 0.000000 0.000000 0.000000
90991 0.000000 0.000000 0.000000 0.000000
90992 0.000000 0.000000 0.000000 0.000000
90993 0.000000 0.000000 0.000000 0.000000
90994 0.000000 0.000000 0.000000 0.000000
90995 0.000000 0.000000 0.000000 0.000000
90996 0.000000 0.000000 0.000000 0.000000
90997 0.000000 0.000000 0.000000 0.000000
90998 0.000000 0.000000 0.000000 0.000000
90999 0.000000 0.000000 0.000000 0.000000
91000 0.000000 0.000000 0.000000 0.000000
91001 0.000000 0.000000 0.000000 0.000000
91002 0.000000 0.000000 0.000000 0.000000
91003 0.000000 0.000000 0.000000 0.000000
91004 0.000000 0.000000 0.000000 0.000000
91005 0.000000 0.000000 0.000000 0.000000
91006 0.000000 0.000000 0.000000 0.000000
91007 0.000000 0.000000 0.000000 0.000000
91008 0.000000 0.000000 0.000000 0.000000
91009 0.000000 0.000000 0.000000 0.000000
91010 0.000000 0.000000 0.000000 0.000000
91011 0.000000 0.000000 0.000000 0.000000
91012 0.000000 0.000000 0.000000 0.000000
91013 0.000000 0.000000 0.000000 0.000000
91014 0.000000 0.000000 0.000000 0.000000
91015 0.000000 0.000000 0.000000 0.000000
91016 0.000000 0.000000 0.000000 0.000000
91017 0.000000 0.000000 0.000000 0.000000
91018 0.000000 0.000000 0.000000 0.000000
91019 0.000000 0.000000 0.000000 0.000000
91020 0.000000 0.000000 0.000000 0.000000
91021 0.000000 0.000000 0.000000 0.000000
91022 0.000000 0.000000 0.000000 0.000000
91023 0.000000 0.000000 0.000000 0.000000
91024 0.000000 0.000000 0.000000 0.000000
91025 0.000000 0.000000 0.000000 0.000000
91026 0.000000 0.000000 0.000000 0.000000
91027 0.000000 0.000000 0.000000 0.000000
91028 0.000000 0.000000 0.000000 0.000000
91029 0.000000 0.000000 0.000000 0.000000
91030 0.000000 0.000000 0.000000 0.000000
91031 0.000000 0.000000 0.000000 0.000000
91032 0.000000 0.000000 0.000000 0.000000
91033 0.000000 0.000000 0.000000 0.000000
91034 0.000000 0.000000 0.000000 0.000000
91035 0.000000 0.000000 0.000000 0.000000
91036 0.000000 0.000000 0.000000 0.000000
91037 0.000000 0.000000 0.000000 0.000000
91038 0.000000 0.000000 0.000000 0.000000
91039 0.000000 0.000000 0.000000 0.000000
91040 0.000000 0.000000 0.000000 0.000000
91041 0.000000 0.000000 0.000000 0.000000
91042 0.000000 0.000000 0.000000 0.000000
91043 0.000000 0.000000 0.000000 0.000000
91044 0.000000 0.000000 0.000000 0.000000
91045 0.000000 0.000000 0.000000 0.000000
91046 0.000000 0.000000 0.000000 0.000000
91047 0.000000 0.000000 0.000000 0.000000
91048 0.000000 0.000000 0.000000 0.000000
91049 0.000000 0.000000 0.000000 0.000000
91050 0.000000 0.000000 0.000000 0.000000
91051 0.000000 0.000000 0.000000 0.000000
91052 0.000000 0.000000 0.000000 0.000000
91053 0.000000 0.000000 0.000000 0.000000
91054 0.000000 0.000000 0.000000 0.000000
91055 0.000000 0.000000 0.000000 0.000000
91056 0.000000 0.000000 0.000000 0.000000
91057 0.000000 0.000000 0.000000 0.000000
91058 0.000000 0.000000 0.000000 0.000000
91059 0.000000 0.000000 0.000000 0.000000
91060 0.000000 0.000000 0.000000 0.000000
91061 0.000000 0.000000 0.000000 0.000000
91062 0.000000 0.000000 0.000000 0.000000
91063 0.000000 0.000000 0.000000 0.000000
91064 0.000000 0.000000 0.000000 0.000000
91065 0.000000 0.000000 0.000000 0.000000
91066 0.000000 0.000000 0.000000 0.000000
91067 0.000000 0.000000 0.000000 0.000000
91068 0.000000 0.000000 0.000000 0.000000
91069 0.000000 0.000000 0.000000 0.000000
91070 0.000000 0.000000 0.000000 0.000000
91071 0.000000 0.000000 0.000000 0.000000
91072 0.000000 0.000000 0.000000 0.000000
91073 0.000000 0.000000 0.000000 0.000000
91074 0.000000 0.000000 0.000000 0.000000
91075 0.000000 0.000000 0.000000 0.000000
91076 0.000000 0.000000 0.000000 0.000000
91077 0.000000 0.000000 0.000000 0.000000
91078 0.000000 0.000000 0.000000 0.000000
91079 0.000000 0.000000 0.000000 0.000000
91080 0.000000 0.000000 0.000000 0.000000
91081 0.000000 0.000000 0.000000 0.000000
91082 0.000000 0.000000 0.000000 0.000000
91083 0.000000 0.000000 0.000000 0.000000
91084 0.000000 0.000000 0.000000 0.000000
91085 0.000000 0.000000 0.000000 0.000000
91086 0.000000 0.000000 0.000000 0.000000
91087 0.000000 0.000000 0.000000 0.000000
91088 0.000000 0.000000 0.000000 0.000000
91089 0.000000 0.000000 0.000000 0.000000
91090 0.000000 0.000000 0.000000 0.000000
91091 0.000000 0.000000 0.000000 0.000000
91092 0.000000 0.000000 0.000000 0.000000
91093 0.000000 0.000000 0.000000 0.000000
91094 0.000000 0.000000 0.000000 0.000000
91095 0.000000 0.000000 0.000000 0.000000
91096 0.000000 0.000000 0.000000 0.000000
91097 0.000000 0.000000 0.000000 0.000000
91098 0.000000 0.000000 0.000000 0.000000
91099 0.000000 0.000000 0.000000 0.000000
91100 0.000000 0.000000 0.000000 0.000000
91101 0.000000 0.000000 0.000000 0.000000
91102 0.000000 0.000000 0.000000 0.000000
91103 0.000000 0.000000 0.000000 0.000000
91104 0.000000 0.000000 0.000000 0.000000
91105 0.000000 0.000000 0.000000 0.000000
91106 0.000000 0.000000 0.000000 0.000000
91107 0.000000 0.000000 0.000000 0.000000
91108 0.000000 0.000000 0.000000 0.000000
91109 0.000000 0.000000 0.000000 0.000000
91110 0.000000 0.000000 0.000000 0.000000
91111 0.000000 0.000000 0.000000 0.000000
91112 0.000000 0.000000 0.000000 0.000000
91113 0.000000 0.000000 0.000000 0.000000
91114 0.000000 0.000000 0.000000 0.000000
91115 0.000000 0.000000 0.000000 0.000000
91116 0.000000 0.000000 0.000000 0.000000
91117 0.000000 0.000000 0.000000 0.000000
91118 0.000000 0.000000 0.000000 0.000000
91119 0.000000 0.000000 0.000000 0.000000
91120 0.000000 0.000000 0.000000 0.000000
91121 0.000000 0.000000 0.000000 0.000000
91122 0.000000 0.000000 0.000000 0.000000
91123 0.000000 0.000000 0.000000 0.000000
91124 0.000000 0.000000 0.000000 0.000000
91125 0.000000 0.000000 0.000000 0.000000
91126 0.000000 0.000000 0.000000 0.000000
91127 0.000000 0.000000 0.000000 0.000000
91128 0.000000 0.000000 0.000000 0.000000
91129 0.000000 0.000000 0.000000 0.000000
91130 0.000000 0.000000 0.000000 0.000000
91131 0.000000 0.000000 0.000000 0.000000
91132 0.000000 0.000000 0.000000 0.000000
91133 0.000000 0.000000 0.000000 0.000000
91134 0.000000 0.000000 0.000000 0.000000
91135 0.000000 0.000000 0.000000 0.000000
91136 0.000000 0.000000 0.000000 0.000000
91137 0.000000 0.000000 0.000000 0.000000
91138 0.000000 0.000000 0.000000 0.000000
91139 0.000000 0.000000 0.000000 0.000000
91140 0.000000 0.000000 0.000000 0.000000
91141 0.000000 0.000000 0.000000 0.000000
91142 0.000000 0.000000 0.000000 0.000000
91143 0.000000 0.000000 0.000000 0.000000
91144 0.000000 0.000000 0.000000 0.000000
91145 0.000000 0.000000 0.000000 0.000000
91146 0.000000 0.000000 0.000000 0.000000
91147 0.000000 0.000000 0.000000 0.000000
91148 0.000000 0.000000 0.000000 0.000000
91149 0.000000 0.000000 0.000000 0.000000
91150 0.000000 0.000000 0.000000 0.000000
91151 0.000000 0.000000 0.000000 0.000000
91152 0.000000 0.000000 0.000000 0.000000
91153 0.000000 0.000000 0.000000 0.000000
91154 0.000000 0.000000 0.000000 0.000000
91155 0.000000 0.000000 0.000000 0.000000
91156 0.000000 0.000000 0.000000 0.000000
91157 0.000000 0.000000 0.000000 0.000000
91158 0.000000 0.000000 0.000000 0.000000
91159 0.000000 0.000000 0.000000 0.000000
91160 0.000000 0.000000 0.000000 0.000000
91161 0.000000 0.000000 0.000000 0.000000
91162 0.000000 0.000000 0.000000 0.000000
91163 0.000000 0.000000 0.000000 0.000000
91164 0.000000 0.000000 0.000000 0.000000
91165 0.000000 0.000000 0.000000 0.000000
91166 0.000000 0.000000 0.000000 0.000000
91167 0.000000 0.000000 0.000000 0.000000
91168 0.000000 0.000000 0.000000 0.000000
91169 0.000000 0.000000 0.000000 0.000000
91170 0.000000 0.000000 0.000000 0.000000
91171 0.000000 0.000000 0.000000 0.000000
91172 0.000000 0.000000 0.000000 0.000000
91173 0.000000 0.000000 0.000000 0.000000
91174 0.000000 0.000000 0.000000 0.000000
91175 0.000000 0.000000 0.000000 0.000000
91176 0.000000 0.000000 0.000000 0.000000
91177 0.000000 0.000000 0.000000 0.000000
91178 0.000000 0.000000 0.000000 0.000000
91179 0.000000 0.000000 0.000000 0.000000
91180 0.000000 0.000000 0.000000 0.000000
91181 0.000000 0.000000 0.000000 0.000000
91182 0.000000 0.000000 0.000000 0.000000
91183 0.000000 0.000000 0.000000 0.000000
91184 0.000000 0.000000 0.000000 0.000000
91185 0.000000 0.000000 0.000000 0.000000
91186 0.000000 0.000000 0.000000 0.000000
91187 0.000000 0.000000 0.000000 0.000000
91188 0.000000 0.000000 0.000000 0.000000
91189 0.000000 0.000000 0.000000 0.000000
91190 0.000000 0.000000 0.000000 0.000000
91191 0.000000 0.000000 0.000000 0.000000
91192 0.000000 0.000000 0.000000 0.000000
91193 0.000000 0.000000 0.000000 0.000000
91194 0.000000 0.000000 0.000000 0.000000
91195 0.000000 0.000000 0.000000 0.000000
91196 0.000000 0.000000 0.000000 0.000000
91197 0.000000 0.000000 0.000000 0.000000
91198 0.000000 0.000000 0.000000 0.000000
91199 0.000000 0.000000 0.000000 0.000000
91200 0.000000 0.000000 0.000000 0.000000
91201 0.000000 0.000000 0.000000 0.000000
91202 0.000000 0.000000 0.000000 0.000000
91203 0.000000 0.000000 0.000000 0.000000
91204 0.000000 0.000000 0.000000 0.000000
91205 0.000000 0.000000 0.000000 0.000000
91206 0.000000 0.000000 0.000000 0.000000
91207 0.000000 0.000000 0.000000 0.000000
91208 0.000000 0.000000 0.000000 0.000000
91209 0.000000 0.000000 0.000000 0.000000
91210 0.000000 0.000000 0.000000 0.000000
91211 0.000000 0.000000 0.000000 0.000000
91212 0.000000 0.000000 0.000000 0.000000
91213 0.000000 0.000000 0.000000 0.000000
91214 0.000000 0.000000 0.000000 0.000000
91215 0.000000 0.000000 0.000000 0.000000
91216 0.000000 0.000000 0.000000 0.000000
91217 0.000000 0.000000 0.000000 0.000000
91218 0.000000 0.000000 0.000000 0.000000
91219 0.000000 0.000000 0.000000 0.000000
91220 0.000000 0.000000 0.000000 0.000000
91221 0.000000 0.000000 0.000000 0.000000
91222 0.000000 0.000000 0.000000 0.000000
91223 0.000000 0.000000 0.000000 0.000000
91224 0.000000 0.000000 0.000000 0.000000
91225 0.000000 0.000000 0.000000 0.000000
91226 0.000000 0.000000 0.000000 0.000000
91227 0.000000 0.000000 0.000000 0.000000
91228 0.000000 0.000000 0.000000 0.000000
91229 0.000000 0.000000 0.000000 0.000000
91230 0.000000 0.000000 0.000000 0.000000
91231 0.000000 0.000000 0.000000 0.000000
91232 0.000000 0.000000 0.000000 0.000000
91233 0.000000 0.000000 0.000000 0.000000
91234 0.000000 0.000000 0.000000 0.000000
91235 0.000000 0.000000 0.000000 0.000000
91236 0.000000 0.000000 0.000000 0.000000
91237 0.000000 0.000000 0.000000 0.000000
91238 0.000000 0.000000 0.000000 0.000000
91239 0.000000 0.000000 0.000000 0.000000
91240 0.000000 0.000000 0.000000 0.000000
91241 0.000000 0.000000 0.000000 0.000000
91242 0.000000 0.000000 0.000000 0.000000
91243 0.000000 0.000000 0.000000 0.000000
91244 0.000000 0.000000 0.000000 0.000000
91245 0.000000 0.000000 0.000000 0.000000
91246 0.000000 0.000000 0.000000 0.000000
91247 0.000000 0.000000 0.000000 0.000000
91248 0.000000 0.000000 0.000000 0.000000
91249 0.000000 0.000000 0.000000 0.000000
91250 0.000000 0.000000 0.000000 0.000000
91251 0.000000 0.000000 0.000000 0.000000
91252 0.000000 0.000000 0.000000 0.000000
91253 0.000000 0.000000 0.000000 0.000000
91254 0.000000 0.000000 0.000000 0.000000
91255 0.000000 0.000000 0.000000 0.000000
91256 0.000000 0.000000 0.000000 0.000000
91257 0.000000 0.000000 0.000000 0.000000
91258 0.000000 0.000000 0.000000 0.000000
91259 0.000000 0.000000 0.000000 0.000000
91260 0.000000 0.000000 0.000000 0.000000
91261 0.000000 0.000000 0.000000 0.000000
91262 0.000000 0.000000 0.000000 0.000000
91263 0.000000 0.000000 0.000000 0.000000
91264 0.000000 0.000000 0.000000 0.000000
91265 0.000000 0.000000 0.000000 0.000000
91266 0.000000 0.000000 0.000000 0.000000
91267 0.000000 0.000000 0.000000 0.000000
91268 0.000000 0.000000 0.000000 0.000000
91269 0.000000 0.000000 0.000000 0.000000
91270 0.000000 0.000000 0.000000 0.000000
91271 0.000000 0.000000 0.000000 0.000000
91272 0.000000 0.000000 0.000000 0.000000
91273 0.000000 0.000000 0.000000 0.000000
91274 0.000000 0.000000 0.000000 0.000000
91275 0.000000 0.000000 0.000000 0.000000
91276 0.000000 0.000000 0.000000 0.000000
91277 0.000000 0.000000 0.000000 0.000000
91278 0.000000 0.000000 0.000000 0.000000
91279 0.000000 0.000000 0.000000 0.000000
91280 0.000000 0.000000 0.000000 0.000000
91281 0.000000 0.000000 0.000000 0.000000
91282 0.000000 0.000000 0.000000 0.000000
91283 0.000000 0.000000 0.000000 0.000000
91284 0.000000 0.000000 0.000000 0.000000
91285 0.000000 0.000000 0.000000 0.000000
91286 0.000000 0.000000 0.000000 0.000000
91287 0.000000 0.000000 0.000000 0.000000
91288 0.000000 0.000000 0.000000 0.000000
91289 0.000000 0.000000 0.000000 0.000000
91290 0.000000 0.000000 0.000000 0.000000
91291 0.000000 0.000000 0.000000 0.000000
91292 0.000000 0.000000 0.000000 0.000000
91293 0.000000 0.000000 0.000000 0.000000
91294 0.000000 0.000000 0.000000 0.000000
91295 0.000000 0.000000 0.000000 0.000000
91296 0.000000 0.000000 0.000000 0.000000
91297 0.000000 0.000000 0.000000 0.000000
91298 0.000000 0.000000 0.000000 0.000000
91299 0.000000 0.000000 0.000000 0.000000
91300 0.000000 0.000000 0.000000 0.000000
91301 0.000000 0.000000 0.000000 0.000000
91302 0.000000 0.000000 0.000000 0.000000
91303 0.000000 0.000000 0.000000 0.000000
91304 0.000000 0.000000 0.000000 0.000000
91305 0.000000 0.000000 0.000000 0.000000
91306 0.000000 0.000000 0.000000 0.000000
91307 0.000000 0.000000 0.000000 0.000000
91308 0.000000 0.000000 0.000000 0.000000
91309 0.000000 0.000000 0.000000 0.000000
91310 0.000000 0.000000 0.000000 0.000000
91311 0.000000 0.000000 0.000000 0.000000
91312 0.000000 0.000000 0.000000 0.000000
91313 0.000000 0.000000 0.000000 0.000000
91314 0.000000 0.000000 0.000000 0.000000
91315 0.000000 0.000000 0.000000 0.000000
91316 0.000000 0.000000 0.000000 0.000000
91317 0.000000 0.000000 0.000000 0.000000
91318 0.000000 0.000000 0.000000 0.000000
91319 0.000000 0.000000 0.000000 0.000000
91320 0.000000 0.000000 0.000000 0.000000
91321 0.000000 0.000000 0.000000 0.000000
91322 0.000000 0.000000 0.000000 0.000000
91323 0.000000 0.000000 0.000000 0.000000
91324 0.000000 0.000000 0.000000 0.000000
91325 0.000000 0.000000 0.000000 0.000000
91326 0.000000 0.000000 0.000000 0.000000
91327 0.000000 0.000000 0.000000 0.000000
91328 0.000000 0.000000 0.000000 0.000000
91329 0.000000 0.000000 0.000000 0.000000
91330 0.000000 0.000000 0.000000 0.000000
91331 0.000000 0.000000 0.000000 0.000000
91332 0.000000 0.000000 0.000000 0.000000
91333 0.000000 0.000000 0.000000 0.000000
91334 0.000000 0.000000 0.000000 0.000000
91335 0.000000 0.000000 0.000000 0.000000
91336 0.000000 0.000000 0.000000 0.000000
91337 0.000000 0.000000 0.000000 0.000000
91338 0.000000 0.000000 0.000000 0.000000
91339 0.000000 0.000000 0.000000 0.000000
91340 0.000000 0.000000 0.000000 0.000000
91341 0.000000 0.000000 0.000000 0.000000
91342 0.000000 0.000000 0.000000 0.000000
91343 0.000000 0.000000 0.000000 0.000000
91344 0.000000 0.000000 0.000000 0.000000
91345 0.000000 0.000000 0.000000 0.000000
91346 0.000000 0.000000 0.000000 0.000000
91347 0.000000 0.000000 0.000000 0.000000
91348 0.000000 0.000000 0.000000 0.000000
91349 0.000000 0.000000 0.000000 0.000000
91350 0.000000 0.000000 0.000000 0.000000
91351 0.000000 0.000000 0.000000 0.000000
91352 0.000000 0.000000 0.000000 0.000000
91353 0.000000 0.000000 0.000000 0.000000
91354 0.000000 0.000000 0.000000 0.000000
91355 0.000000 0.000000 0.000000 0.000000
91356 0.000000 0.000000 0.000000 0.000000
91357 0.000000 0.000000 0.000000 0.000000
91358 0.000000 0.000000 0.000000 0.000000
91359 0.000000 0.000000 0.000000 0.000000
91360 0.000000 0.000000 0.000000 0.000000
91361 0.000000 0.000000 0.000000 0.000000
91362 0.000000 0.000000 0.000000 0.000000
91363 0.000000 0.000000 0.000000 0.000000
91364 0.000000 0.000000 0.000000 0.000000
91365 0.000000 0.000000 0.000000 0.000000
91366 0.000000 0.000000 0.000000 0.000000
91367 0.000000 0.000000 0.000000 0.000000
91368 0.000000 0.000000 0.000000 0.000000
91369 0.000000 0.000000 0.000000 0.000000
91370 0.000000 0.000000 0.000000 0.000000
91371 0.000000 0.000000 0.000000 0.000000
91372 0.000000 0.000000 0.000000 0.000000
91373 0.000000 0.000000 0.000000 0.000000
91374 0.000000 0.000000 0.000000 0.000000
91375 0.000000 0.000000 0.000000 0.000000
91376 0.000000 0.000000 0.000000 0.000000
91377 0.000000 0.000000 0.000000 0.000000
91378 0.000000 0.000000 0.000000 0.000000
91379 0.000000 0.000000 0.000000 0.000000
91380 0.000000 0.000000 0.000000 0.000000
91381 0.000000 0.000000 0.000000 0.000000
91382 0.000000 0.000000 0.000000 0.000000
91383 0.000000 0.000000 0.000000 0.000000
91384 0.000000 0.000000 0.000000 0.000000
91385 0.000000 0.000000 0.000000 0.000000
91386 0.000000 0.000000 0.000000 0.000000
91387 0.000000 0.000000 0.000000 0.000000
91388 0.000000 0.000000 0.000000 0.000000
91389 0.000000 0.000000 0.000000 0.000000
91390 0.000000 0.000000 0.000000 0.000000
91391 0.000000 0.000000 0.000000 0.000000
91392 0.000000 0.000000 0.000000 0.000000
91393 0.000000 0.000000 0.000000 0.000000
91394 0.000000 0.000000 0.000000 0.000000
91395 0.000000 0.000000 0.000000 0.000000
91396 0.000000 0.000000 0.000000 0.000000
91397 0.000000 0.000000 0.000000 0.000000
91398 0.000000 0.000000 0.000000 0.000000
91399 0.000000 0.000000 0.000000 0.000000
91400 0.000000 0.000000 0.000000 0.000000
91401 0.000000 0.000000 0.000000 0.000000
91402 0.000000 0.000000 0.000000 0.000000
91403 0.000000 0.000000 0.000000 0.000000
91404 0.000000 0.000000 0.000000 0.000000
91405 0.000000 0.000000 0.000000 0.000000
91406 0.000000 0.000000 0.000000 0.000000
91407 0.000000 0.000000 0.000000 0.000000
91408 0.000000 0.000000 0.000000 0.000000
91409 0.000000 0.000000 0.000000 0.000000
91410 0.000000 0.000000 0.000000 0.000000
91411 0.000000 0.000000 0.000000 0.000000
91412 0.000000 0.000000 0.000000 0.000000
91413 0.000000 0.000000 0.000000 0.000000
91414 0.000000 0.000000 0.000000 0.000000
91415 0.000000 0.000000 0.000000 0.000000
91416 0.000000 0.000000 0.000000 0.000000
91417 0.000000 0.000000 0.000000 0.000000
91418 0.000000 0.000000 0.000000 0.000000
91419 0.000000 0.000000 0.000000 0.000000
91420 0.000000 0.000000 0.000000 0.000000
91421 0.000000 0.000000 0.000000 0.000000
91422 0.000000 0.000000 0.000000 0.000000
91423 0.000000 0.000000 0.000000 0.000000
91424 0.000000 0.000000 0.000000 0.000000
91425 0.000000 0.000000 0.000000 0.000000
91426 0.000000 0.000000 0.000000 0.000000
91427 0.000000 0.000000 0.000000 0.000000
91428 0.000000 0.000000 0.000000 0.000000
91429 0.000000 0.000000 0.000000 0.000000
91430 0.000000 0.000000 0.000000 0.000000
91431 0.000000 0.000000 0.000000 0.000000
91432 0.000000 0.000000 0.000000 0.000000
91433 0.000000 0.000000 0.000000 0.000000
91434 0.000000 0.000000 0.000000 0.000000
91435 0.000000 0.000000 0.000000 0.000000
91436 0.000000 0.000000 0.000000 0.000000
91437 0.000000 0.000000 0.000000 0.000000
91438 0.000000 0.000000 0.000000 0.000000
91439 0.000000 0.000000 0.000000 0.000000
91440 0.000000 0.000000 0.000000 0.000000
91441 0.000000 0.000000 0.000000 0.000000
91442 0.000000 0.000000 0.000000 0.000000
91443 0.000000 0.000000 0.000000 0.000000
91444 0.000000 0.000000 0.000000 0.000000
91445 0.000000 0.000000 0.000000 0.000000
91446 0.000000 0.000000 0.000000 0.000000
91447 0.000000 0.000000 0.000000 0.000000
91448 0.000000 0.000000 0.000000 0.000000
91449 0.000000 0.000000 0.000000 0.000000
91450 0.000000 0.000000 0.000000 0.000000
91451 0.000000 0.000000 0.000000 0.000000
91452 0.000000 0.000000 0.000000 0.000000
91453 0.000000 0.000000 0.000000 0.000000
91454 0.000000 0.000000 0.000000 0.000000
91455 0.000000 0.000000 0.000000 0.000000
91456 0.000000 0.000000 0.000000 0.000000
91457 0.000000 0.000000 0.000000 0.000000
91458 0.000000 0.000000 0.000000 0.000000
91459 0.000000 0.000000 0.000000 0.000000
91460 0.000000 0.000000 0.000000 0.000000
91461 0.000000 0.000000 0.000000 0.000000
91462 0.000000 0.000000 0.000000 0.000000
91463 0.000000 0.000000 0.000000 0.000000
91464 0.000000 0.000000 0.000000 0.000000
91465 0.000000 0.000000 0.000000 0.000000
91466 0.000000 0.000000 0.000000 0.000000
91467 0.000000 0.000000 0.000000 0.000000
91468 0.000000 0.000000 0.000000 0.000000
91469 0.000000 0.000000 0.000000 0.000000
91470 0.000000 0.000000 0.000000 0.000000
91471 0.000000 0.000000 0.000000 0.000000
91472 0.000000 0.000000 0.000000 0.000000
91473 0.000000 0.000000 0.000000 0.000000
91474 0.000000 0.000000 0.000000 0.000000
91475 0.000000 0.000000 0.000000 0.000000
91476 0.000000 0.000000 0.000000 0.000000
91477 0.000000 0.000000 0.000000 0.000000
91478 0.000000 0.000000 0.000000 0.000000
91479 0.000000 0.000000 0.000000 0.000000
91480 0.000000 0.000000 0.000000 0.000000
91481 0.000000 0.000000 0.000000 0.000000
91482 0.000000 0.000000 0.000000 0.000000
91483 0.000000 0.000000 0.000000 0.000000
91484 0.000000 0.000000 0.000000 0.000000
91485 0.000000 0.000000 0.000000 0.000000
91486 0.000000 0.000000 0.000000 0.000000
91487 0.000000 0.000000 0.000000 0.000000
91488 0.000000 0.000000 0.000000 0.000000
91489 0.000000 0.000000 0.000000 0.000000
91490 0.000000 0.000000 0.000000 0.000000
91491 0.000000 0.000000 0.000000 0.000000
91492 0.000000 0.000000 0.000000 0.000000
91493 0.000000 0.000000 0.000000 0.000000
91494 0.000000 0.000000 0.000000 0.000000
91495 0.000000 0.000000 0.000000 0.000000
91496 0.000000 0.000000 0.000000 0.000000
91497 0.000000 0.000000 0.000000 0.000000
91498 0.000000 0.000000 0.000000 0.000000
91499 0.000000 0.000000 0.000000 0.000000
91500 0.000000 0.000000 0.000000 0.000000
91501 0.000000 0.000000 0.000000 0.000000
91502 0.000000 0.000000 0.000000 0.000000
91503 0.000000 0.000000 0.000000 0.000000
91504 0.000000 0.000000 0.000000 0.000000
91505 0.000000 0.000000 0.000000 0.000000
91506 0.000000 0.000000 0.000000 0.000000
91507 0.000000 0.000000 0.000000 0.000000
91508 0.000000 0.000000 0.000000 0.000000
91509 0.000000 0.000000 0.000000 0.000000
91510 0.000000 0.000000 0.000000 0.000000
91511 0.000000 0.000000 0.000000 0.000000
91512 0.000000 0.000000 0.000000 0.000000
91513 0.000000 0.000000 0.000000 0.000000
91514 0.000000 0.000000 0.000000 0.000000
91515 0.000000 0.000000 0.000000 0.000000
91516 0.000000 0.000000 0.000000 0.000000
91517 0.000000 0.000000 0.000000 0.000000
91518 0.000000 0.000000 0.000000 0.000000
91519 0.000000 0.000000 0.000000 0.000000
91520 0.000000 0.000000 0.000000 0.000000
91521 0.000000 0.000000 0.000000 0.000000
91522 0.000000 0.000000 0.000000 0.000000
91523 0.000000 0.000000 0.000000 0.000000
91524 0.000000 0.000000 0.000000 0.000000
91525 0.000000 0.000000 0.000000 0.000000
91526 0.000000 0.000000 0.000000 0.000000
91527 0.000000 0.000000 0.000000 0.000000
91528 0.000000 0.000000 0.000000 0.000000
91529 0.000000 0.000000 0.000000 0.000000
91530 0.000000 0.000000 0.000000 0.000000
91531 0.000000 0.000000 0.000000 0.000000
91532 0.000000 0.000000 0.000000 0.000000
91533 0.000000 0.000000 0.000000 0.000000
91534 0.000000 0.000000 0.000000 0.000000
91535 0.000000 0.000000 0.000000 0.000000
91536 0.000000 0.000000 0.000000 0.000000
91537 0.000000 0.000000 0.000000 0.000000
91538 0.000000 0.000000 0.000000 0.000000
91539 0.000000 0.000000 0.000000 0.000000
91540 0.000000 0.000000 0.000000 0.000000
91541 0.000000 0.000000 0.000000 0.000000
91542 0.000000 0.000000 0.000000 0.000000
91543 0.000000 0.000000 0.000000 0.000000
91544 0.000000 0.000000 0.000000 0.000000
91545 0.000000 0.000000 0.000000 0.000000
91546 0.000000 0.000000 0.000000 0.000000
91547 0.000000 0.000000 0.000000 0.000000
91548 0.000000 0.000000 0.000000 0.000000
91549 0.000000 0.000000 0.000000 0.000000
91550 0.000000 0.000000 0.000000 0.000000
91551 0.000000 0.000000 0.000000 0.000000
91552 0.000000 0.000000 0.000000 0.000000
91553 0.000000 0.000000 0.000000 0.000000
91554 0.000000 0.000000 0.000000 0.000000
91555 0.000000 0.000000 0.000000 0.000000
91556 0.000000 0.000000 0.000000 0.000000
91557 0.000000 0.000000 0.000000 0.000000
91558 0.000000 0.000000 0.000000 0.000000
91559 0.000000 0.000000 0.000000 0.000000
91560 0.000000 0.000000 0.000000 0.000000
91561 0.000000 0.000000 0.000000 0.000000
91562 0.000000 0.000000 0.000000 0.000000
91563 0.000000 0.000000 0.000000 0.000000
91564 0.000000 0.000000 0.000000 0.000000
91565 0.000000 0.000000 0.000000 0.000000
91566 0.000000 0.000000 0.000000 0.000000
91567 0.000000 0.000000 0.000000 0.000000
91568 0.000000 0.000000 0.000000 0.000000
91569 0.000000 0.000000 0.000000 0.000000
91570 0.000000 0.000000 0.000000 0.000000
91571 0.000000 0.000000 0.000000 0.000000
91572 0.000000 0.000000 0.000000 0.000000
91573 0.000000 0.000000 0.000000 0.000000
91574 0.000000 0.000000 0.000000 0.000000
91575 0.000000 0.000000 0.000000 0.000000
91576 0.000000 0.000000 0.000000 0.000000
91577 0.000000 0.000000 0.000000 0.000000
91578 0.000000 0.000000 0.000000 0.000000
91579 0.000000 0.000000 0.000000 0.000000
91580 0.000000 0.000000 0.000000 0.000000
91581 0.000000 0.000000 0.000000 0.000000
91582 0.000000 0.000000 0.000000 0.000000
91583 0.000000 0.000000 0.000000 0.000000
91584 0.000000 0.000000 0.000000 0.000000
91585 0.000000 0.000000 0.000000 0.000000
91586 0.000000 0.000000 0.000000 0.000000
91587 0.000000 0.000000 0.000000 0.000000
91588 0.000000 0.000000 0.000000 0.000000
91589 0.000000 0.000000 0.000000 0.000000
91590 0.000000 0.000000 0.000000 0.000000
91591 0.000000 0.000000 0.000000 0.000000
91592 0.000000 0.000000 0.000000 0.000000
91593 0.000000 0.000000 0.000000 0.000000
91594 0.000000 0.000000 0.000000 0.000000
91595 0.000000 0.000000 0.000000 0.000000
91596 0.000000 0.000000 0.000000 0.000000
91597 0.000000 0.000000 0.000000 0.000000
91598 0.000000 0.000000 0.000000 0.000000
91599 0.000000 0.000000 0.000000 0.000000
91600 0.000000 0.000000 0.000000 0.000000
91601 0.000000 0.000000 0.000000 0.000000
91602 0.000000 0.000000 0.000000 0.000000
91603 0.000000 0.000000 0.000000 0.000000
91604 0.000000 0.000000 0.000000 0.000000
91605 0.000000 0.000000 0.000000 0.000000
91606 0.000000 0.000000 0.000000 0.000000
91607 0.000000 0.000000 0.000000 0.000000
91608 0.000000 0.000000 0.000000 0.000000
91609 0.000000 0.000000 0.000000 0.000000
91610 0.000000 0.000000 0.000000 0.000000
91611 0.000000 0.000000 0.000000 0.000000
91612 0.000000 0.000000 0.000000 0.000000
91613 0.000000 0.000000 0.000000 0.000000
91614 0.000000 0.000000 0.000000 0.000000
91615 0.000000 0.000000 0.000000 0.000000
91616 0.000000 0.000000 0.000000 0.000000
91617 0.000000 0.000000 0.000000 0.000000
91618 0.000000 0.000000 0.000000 0.000000
91619 0.000000 0.000000 0.000000 0.000000
91620 0.000000 0.000000 0.000000 0.000000
91621 0.000000 0.000000 0.000000 0.000000
91622 0.000000 0.000000 0.000000 0.000000
91623 0.000000 0.000000 0.000000 0.000000
91624 0.000000 0.000000 0.000000 0.000000
91625 0.000000 0.000000 0.000000 0.000000
91626 0.000000 0.000000 0.000000 0.000000
91627 0.000000 0.000000 0.000000 0.000000
91628 0.000000 0.000000 0.000000 0.000000
91629 0.000000 0.000000 0.000000 0.000000
91630 0.000000 0.000000 0.000000 0.000000
91631 0.000000 0.000000 0.000000 0.000000
91632 0.000000 0.000000 0.000000 0.000000
91633 0.000000 0.000000 0.000000 0.000000
91634 0.000000 0.000000 0.000000 0.000000
91635 0.000000 0.000000 0.000000 0.000000
91636 0.000000 0.000000 0.000000 0.000000
91637 0.000000 0.000000 0.000000 0.000000
91638 0.000000 0.000000 0.000000 0.000000
91639 0.000000 0.000000 0.000000 0.000000
91640 0.000000 0.000000 0.000000 0.000000
91641 0.000000 0.000000 0.000000 0.000000
91642 0.000000 0.000000 0.000000 0.000000
91643 0.000000 0.000000 0.000000 0.000000
91644 0.000000 0.000000 0.000000 0.000000
91645 0.000000 0.000000 0.000000 0.000000
91646 0.000000 0.000000 0.000000 0.000000
91647 0.000000 0.000000 0.000000 0.000000
91648 0.000000 0.000000 0.000000 0.000000
91649 0.000000 0.000000 0.000000 0.000000
91650 0.000000 0.000000 0.000000 0.000000
91651 0.000000 0.000000 0.000000 0.000000
91652 0.000000 0.000000 0.000000 0.000000
91653 0.000000 0.000000 0.000000 0.000000
91654 0.000000 0.000000 0.000000 0.000000
91655 0.000000 0.000000 0.000000 0.000000
91656 0.000000 0.000000 0.000000 0.000000
91657 0.000000 0.000000 0.000000 0.000000
91658 0.000000 0.000000 0.000000 0.000000
91659 0.000000 0.000000 0.000000 0.000000
91660 0.000000 0.000000 0.000000 0.000000
91661 0.000000 0.000000 0.000000 0.000000
91662 0.000000 0.000000 0.000000 0.000000
91663 0.000000 0.000000 0.000000 0.000000
91664 0.000000 0.000000 0.000000 0.000000
91665 0.000000 0.000000 0.000000 0.000000
91666 0.000000 0.000000 0.000000 0.000000
91667 0.000000 0.000000 0.000000 0.000000
91668 0.000000 0.000000 0.000000 0.000000
91669 0.000000 0.000000 0.000000 0.000000
91670 0.000000 0.000000 0.000000 0.000000
91671 0.000000 0.000000 0.000000 0.000000
91672 0.000000 0.000000 0.000000 0.000000
91673 0.000000 0.000000 0.000000 0.000000
91674 0.000000 0.000000 0.000000 0.000000
91675 0.000000 0.000000 0.000000 0.000000
91676 0.000000 0.000000 0.000000 0.000000
91677 0.000000 0.000000 0.000000 0.000000
91678 0.000000 0.000000 0.000000 0.000000
91679 0.000000 0.000000 0.000000 0.000000
91680 0.000000 0.000000 0.000000 0.000000
91681 0.000000 0.000000 0.000000 0.000000
91682 0.000000 0.000000 0.000000 0.000000
91683 0.000000 0.000000 0.000000 0.000000
91684 0.000000 0.000000 0.000000 0.000000
91685 0.000000 0.000000 0.000000 0.000000
91686 0.000000 0.000000 0.000000 0.000000
91687 0.000000 0.000000 0.000000 0.000000
91688 0.000000 0.000000 0.000000 0.000000
91689 0.000000 0.000000 0.000000 0.000000
91690 0.000000 0.000000 0.000000 0.000000
