#!ascii label, from subject  
260
91988 0.000000 0.000000 0.000000 0.000000
91989 0.000000 0.000000 0.000000 0.000000
91990 0.000000 0.000000 0.000000 0.000000
91991 0.000000 0.000000 0.000000 0.000000
91992 0.000000 0.000000 0.000000 0.000000
91993 0.000000 0.000000 0.000000 0.000000
91994 0.000000 0.000000 0.000000 0.000000
91995 0.000000 0.000000 0.000000 0.000000
91996 0.000000 0.000000 0.000000 0.000000
91997 0.000000 0.000000 0.000000 0.000000
91998 0.000000 0.000000 0.000000 0.000000
91999 0.000000 0.000000 0.000000 0.000000
92000 0.000000 0.000000 0.000000 0.000000
92001 0.000000 0.000000 0.000000 0.000000
92002 0.000000 0.000000 0.000000 0.000000
92003 0.000000 0.000000 0.000000 0.000000
92004 0.000000 0.000000 0.000000 0.000000
92005 0.000000 0.000000 0.000000 0.000000
92006 0.000000 0.000000 0.000000 0.000000
92007 0.000000 0.000000 0.000000 0.000000
92008 0.000000 0.000000 0.000000 0.000000
92009 0.000000 0.000000 0.000000 0.000000
92010 0.000000 0.000000 0.000000 0.000000
92011 0.000000 0.000000 0.000000 0.000000
92012 0.000000 0.000000 0.000000 0.000000
92013 0.000000 0.000000 0.000000 0.000000
92014 0.000000 0.000000 0.000000 0.000000
92015 0.000000 0.000000 0.000000 0.000000
92016 0.000000 0.000000 0.000000 0.000000
92017 0.000000 0.000000 0.000000 0.000000
92018 0.000000 0.000000 0.000000 0.000000
92019 0.000000 0.000000 0.000000 0.000000
92020 0.000000 0.000000 0.000000 0.000000
92021 0.000000 0.000000 0.000000 0.000000
92022 0.000000 0.000000 0.000000 0.000000
92023 0.000000 0.000000 0.000000 0.000000
92024 0.000000 0.000000 0.000000 0.000000
92025 0.000000 0.000000 0.000000 0.000000
92026 0.000000 0.000000 0.000000 0.000000
92027 0.000000 0.000000 0.000000 0.000000
92028 0.000000 0.000000 0.000000 0.000000
92029 0.000000 0.000000 0.000000 0.000000
92030 0.000000 0.000000 0.000000 0.000000
92031 0.000000 0.000000 0.000000 0.000000
92032 0.000000 0.000000 0.000000 0.000000
92033 0.000000 0.000000 0.000000 0.000000
92034 0.000000 0.000000 0.000000 0.000000
92035 0.000000 0.000000 0.000000 0.000000
92036 0.000000 0.000000 0.000000 0.000000
92037 0.000000 0.000000 0.000000 0.000000
92038 0.000000 0.000000 0.000000 0.000000
92039 0.000000 0.000000 0.000000 0.000000
92040 0.000000 0.000000 0.000000 0.000000
92041 0.000000 0.000000 0.000000 0.000000
92042 0.000000 0.000000 0.000000 0.000000
92043 0.000000 0.000000 0.000000 0.000000
92044 0.000000 0.000000 0.000000 0.000000
92045 0.000000 0.000000 0.000000 0.000000
92046 0.000000 0.000000 0.000000 0.000000
92047 0.000000 0.000000 0.000000 0.000000
92048 0.000000 0.000000 0.000000 0.000000
92049 0.000000 0.000000 0.000000 0.000000
92050 0.000000 0.000000 0.000000 0.000000
92051 0.000000 0.000000 0.000000 0.000000
92052 0.000000 0.000000 0.000000 0.000000
92053 0.000000 0.000000 0.000000 0.000000
92054 0.000000 0.000000 0.000000 0.000000
92055 0.000000 0.000000 0.000000 0.000000
92056 0.000000 0.000000 0.000000 0.000000
92057 0.000000 0.000000 0.000000 0.000000
92058 0.000000 0.000000 0.000000 0.000000
92059 0.000000 0.000000 0.000000 0.000000
92060 0.000000 0.000000 0.000000 0.000000
92061 0.000000 0.000000 0.000000 0.000000
92062 0.000000 0.000000 0.000000 0.000000
92063 0.000000 0.000000 0.000000 0.000000
92064 0.000000 0.000000 0.000000 0.000000
92065 0.000000 0.000000 0.000000 0.000000
92066 0.000000 0.000000 0.000000 0.000000
92067 0.000000 0.000000 0.000000 0.000000
92068 0.000000 0.000000 0.000000 0.000000
92069 0.000000 0.000000 0.000000 0.000000
92070 0.000000 0.000000 0.000000 0.000000
92071 0.000000 0.000000 0.000000 0.000000
92072 0.000000 0.000000 0.000000 0.000000
92073 0.000000 0.000000 0.000000 0.000000
92074 0.000000 0.000000 0.000000 0.000000
92075 0.000000 0.000000 0.000000 0.000000
92076 0.000000 0.000000 0.000000 0.000000
92077 0.000000 0.000000 0.000000 0.000000
92078 0.000000 0.000000 0.000000 0.000000
92079 0.000000 0.000000 0.000000 0.000000
92080 0.000000 0.000000 0.000000 0.000000
92081 0.000000 0.000000 0.000000 0.000000
92082 0.000000 0.000000 0.000000 0.000000
92083 0.000000 0.000000 0.000000 0.000000
92084 0.000000 0.000000 0.000000 0.000000
92085 0.000000 0.000000 0.000000 0.000000
92086 0.000000 0.000000 0.000000 0.000000
92087 0.000000 0.000000 0.000000 0.000000
92088 0.000000 0.000000 0.000000 0.000000
92089 0.000000 0.000000 0.000000 0.000000
92090 0.000000 0.000000 0.000000 0.000000
92091 0.000000 0.000000 0.000000 0.000000
92092 0.000000 0.000000 0.000000 0.000000
92093 0.000000 0.000000 0.000000 0.000000
92094 0.000000 0.000000 0.000000 0.000000
92095 0.000000 0.000000 0.000000 0.000000
92096 0.000000 0.000000 0.000000 0.000000
92097 0.000000 0.000000 0.000000 0.000000
92098 0.000000 0.000000 0.000000 0.000000
92099 0.000000 0.000000 0.000000 0.000000
92100 0.000000 0.000000 0.000000 0.000000
92101 0.000000 0.000000 0.000000 0.000000
92102 0.000000 0.000000 0.000000 0.000000
92103 0.000000 0.000000 0.000000 0.000000
92104 0.000000 0.000000 0.000000 0.000000
92105 0.000000 0.000000 0.000000 0.000000
92106 0.000000 0.000000 0.000000 0.000000
92107 0.000000 0.000000 0.000000 0.000000
92108 0.000000 0.000000 0.000000 0.000000
92109 0.000000 0.000000 0.000000 0.000000
92110 0.000000 0.000000 0.000000 0.000000
92111 0.000000 0.000000 0.000000 0.000000
92112 0.000000 0.000000 0.000000 0.000000
92113 0.000000 0.000000 0.000000 0.000000
92114 0.000000 0.000000 0.000000 0.000000
92115 0.000000 0.000000 0.000000 0.000000
92116 0.000000 0.000000 0.000000 0.000000
92117 0.000000 0.000000 0.000000 0.000000
92118 0.000000 0.000000 0.000000 0.000000
92119 0.000000 0.000000 0.000000 0.000000
92120 0.000000 0.000000 0.000000 0.000000
92121 0.000000 0.000000 0.000000 0.000000
92122 0.000000 0.000000 0.000000 0.000000
92123 0.000000 0.000000 0.000000 0.000000
92124 0.000000 0.000000 0.000000 0.000000
92125 0.000000 0.000000 0.000000 0.000000
92126 0.000000 0.000000 0.000000 0.000000
92127 0.000000 0.000000 0.000000 0.000000
92128 0.000000 0.000000 0.000000 0.000000
92129 0.000000 0.000000 0.000000 0.000000
92130 0.000000 0.000000 0.000000 0.000000
92131 0.000000 0.000000 0.000000 0.000000
92132 0.000000 0.000000 0.000000 0.000000
92133 0.000000 0.000000 0.000000 0.000000
92134 0.000000 0.000000 0.000000 0.000000
92135 0.000000 0.000000 0.000000 0.000000
92136 0.000000 0.000000 0.000000 0.000000
92137 0.000000 0.000000 0.000000 0.000000
92138 0.000000 0.000000 0.000000 0.000000
92139 0.000000 0.000000 0.000000 0.000000
92140 0.000000 0.000000 0.000000 0.000000
92141 0.000000 0.000000 0.000000 0.000000
92142 0.000000 0.000000 0.000000 0.000000
92143 0.000000 0.000000 0.000000 0.000000
92144 0.000000 0.000000 0.000000 0.000000
92145 0.000000 0.000000 0.000000 0.000000
92146 0.000000 0.000000 0.000000 0.000000
92147 0.000000 0.000000 0.000000 0.000000
92148 0.000000 0.000000 0.000000 0.000000
92149 0.000000 0.000000 0.000000 0.000000
92150 0.000000 0.000000 0.000000 0.000000
92151 0.000000 0.000000 0.000000 0.000000
92152 0.000000 0.000000 0.000000 0.000000
92153 0.000000 0.000000 0.000000 0.000000
92154 0.000000 0.000000 0.000000 0.000000
92155 0.000000 0.000000 0.000000 0.000000
92156 0.000000 0.000000 0.000000 0.000000
92157 0.000000 0.000000 0.000000 0.000000
92158 0.000000 0.000000 0.000000 0.000000
92159 0.000000 0.000000 0.000000 0.000000
92160 0.000000 0.000000 0.000000 0.000000
92161 0.000000 0.000000 0.000000 0.000000
92162 0.000000 0.000000 0.000000 0.000000
92163 0.000000 0.000000 0.000000 0.000000
92164 0.000000 0.000000 0.000000 0.000000
92165 0.000000 0.000000 0.000000 0.000000
92166 0.000000 0.000000 0.000000 0.000000
92167 0.000000 0.000000 0.000000 0.000000
92168 0.000000 0.000000 0.000000 0.000000
92169 0.000000 0.000000 0.000000 0.000000
92170 0.000000 0.000000 0.000000 0.000000
92171 0.000000 0.000000 0.000000 0.000000
92172 0.000000 0.000000 0.000000 0.000000
92173 0.000000 0.000000 0.000000 0.000000
92174 0.000000 0.000000 0.000000 0.000000
92175 0.000000 0.000000 0.000000 0.000000
92176 0.000000 0.000000 0.000000 0.000000
92177 0.000000 0.000000 0.000000 0.000000
92178 0.000000 0.000000 0.000000 0.000000
92179 0.000000 0.000000 0.000000 0.000000
92180 0.000000 0.000000 0.000000 0.000000
92181 0.000000 0.000000 0.000000 0.000000
92182 0.000000 0.000000 0.000000 0.000000
92183 0.000000 0.000000 0.000000 0.000000
92184 0.000000 0.000000 0.000000 0.000000
92185 0.000000 0.000000 0.000000 0.000000
92186 0.000000 0.000000 0.000000 0.000000
92187 0.000000 0.000000 0.000000 0.000000
92188 0.000000 0.000000 0.000000 0.000000
92189 0.000000 0.000000 0.000000 0.000000
92190 0.000000 0.000000 0.000000 0.000000
92191 0.000000 0.000000 0.000000 0.000000
92192 0.000000 0.000000 0.000000 0.000000
92193 0.000000 0.000000 0.000000 0.000000
92194 0.000000 0.000000 0.000000 0.000000
92195 0.000000 0.000000 0.000000 0.000000
92196 0.000000 0.000000 0.000000 0.000000
92197 0.000000 0.000000 0.000000 0.000000
92198 0.000000 0.000000 0.000000 0.000000
92199 0.000000 0.000000 0.000000 0.000000
92200 0.000000 0.000000 0.000000 0.000000
92201 0.000000 0.000000 0.000000 0.000000
92202 0.000000 0.000000 0.000000 0.000000
92203 0.000000 0.000000 0.000000 0.000000
92204 0.000000 0.000000 0.000000 0.000000
92205 0.000000 0.000000 0.000000 0.000000
92206 0.000000 0.000000 0.000000 0.000000
92207 0.000000 0.000000 0.000000 0.000000
92208 0.000000 0.000000 0.000000 0.000000
92209 0.000000 0.000000 0.000000 0.000000
92210 0.000000 0.000000 0.000000 0.000000
92211 0.000000 0.000000 0.000000 0.000000
92212 0.000000 0.000000 0.000000 0.000000
92213 0.000000 0.000000 0.000000 0.000000
92214 0.000000 0.000000 0.000000 0.000000
92215 0.000000 0.000000 0.000000 0.000000
92216 0.000000 0.000000 0.000000 0.000000
92217 0.000000 0.000000 0.000000 0.000000
92218 0.000000 0.000000 0.000000 0.000000
92219 0.000000 0.000000 0.000000 0.000000
92220 0.000000 0.000000 0.000000 0.000000
92221 0.000000 0.000000 0.000000 0.000000
92222 0.000000 0.000000 0.000000 0.000000
92223 0.000000 0.000000 0.000000 0.000000
92224 0.000000 0.000000 0.000000 0.000000
92225 0.000000 0.000000 0.000000 0.000000
92226 0.000000 0.000000 0.000000 0.000000
92227 0.000000 0.000000 0.000000 0.000000
92228 0.000000 0.000000 0.000000 0.000000
92229 0.000000 0.000000 0.000000 0.000000
92230 0.000000 0.000000 0.000000 0.000000
92231 0.000000 0.000000 0.000000 0.000000
92232 0.000000 0.000000 0.000000 0.000000
92233 0.000000 0.000000 0.000000 0.000000
92234 0.000000 0.000000 0.000000 0.000000
92235 0.000000 0.000000 0.000000 0.000000
92236 0.000000 0.000000 0.000000 0.000000
92237 0.000000 0.000000 0.000000 0.000000
92238 0.000000 0.000000 0.000000 0.000000
92239 0.000000 0.000000 0.000000 0.000000
92240 0.000000 0.000000 0.000000 0.000000
92241 0.000000 0.000000 0.000000 0.000000
92242 0.000000 0.000000 0.000000 0.000000
92243 0.000000 0.000000 0.000000 0.000000
92244 0.000000 0.000000 0.000000 0.000000
92245 0.000000 0.000000 0.000000 0.000000
92246 0.000000 0.000000 0.000000 0.000000
92247 0.000000 0.000000 0.000000 0.000000
