#!ascii label, from subject  
297
91691 0.000000 0.000000 0.000000 0.000000
91692 0.000000 0.000000 0.000000 0.000000
91693 0.000000 0.000000 0.000000 0.000000
91694 0.000000 0.000000 0.000000 0.000000
91695 0.000000 0.000000 0.000000 0.000000
91696 0.000000 0.000000 0.000000 0.000000
91697 0.000000 0.000000 0.000000 0.000000
91698 0.000000 0.000000 0.000000 0.000000
91699 0.000000 0.000000 0.000000 0.000000
91700 0.000000 0.000000 0.000000 0.000000
91701 0.000000 0.000000 0.000000 0.000000
91702 0.000000 0.000000 0.000000 0.000000
91703 0.000000 0.000000 0.000000 0.000000
91704 0.000000 0.000000 0.000000 0.000000
91705 0.000000 0.000000 0.000000 0.000000
91706 0.000000 0.000000 0.000000 0.000000
91707 0.000000 0.000000 0.000000 0.000000
91708 0.000000 0.000000 0.000000 0.000000
91709 0.000000 0.000000 0.000000 0.000000
91710 0.000000 0.000000 0.000000 0.000000
91711 0.000000 0.000000 0.000000 0.000000
91712 0.000000 0.000000 0.000000 0.000000
91713 0.000000 0.000000 0.000000 0.000000
91714 0.000000 0.000000 0.000000 0.000000
91715 0.000000 0.000000 0.000000 0.000000
91716 0.000000 0.000000 0.000000 0.000000
91717 0.000000 0.000000 0.000000 0.000000
91718 0.000000 0.000000 0.000000 0.000000
91719 0.000000 0.000000 0.000000 0.000000
91720 0.000000 0.000000 0.000000 0.000000
91721 0.000000 0.000000 0.000000 0.000000
91722 0.000000 0.000000 0.000000 0.000000
91723 0.000000 0.000000 0.000000 0.000000
91724 0.000000 0.000000 0.000000 0.000000
91725 0.000000 0.000000 0.000000 0.000000
91726 0.000000 0.000000 0.000000 0.000000
91727 0.000000 0.000000 0.000000 0.000000
91728 0.000000 0.000000 0.000000 0.000000
91729 0.000000 0.000000 0.000000 0.000000
91730 0.000000 0.000000 0.000000 0.000000
91731 0.000000 0.000000 0.000000 0.000000
91732 0.000000 0.000000 0.000000 0.000000
91733 0.000000 0.000000 0.000000 0.000000
91734 0.000000 0.000000 0.000000 0.000000
91735 0.000000 0.000000 0.000000 0.000000
91736 0.000000 0.000000 0.000000 0.000000
91737 0.000000 0.000000 0.000000 0.000000
91738 0.000000 0.000000 0.000000 0.000000
91739 0.000000 0.000000 0.000000 0.000000
91740 0.000000 0.000000 0.000000 0.000000
91741 0.000000 0.000000 0.000000 0.000000
91742 0.000000 0.000000 0.000000 0.000000
91743 0.000000 0.000000 0.000000 0.000000
91744 0.000000 0.000000 0.000000 0.000000
91745 0.000000 0.000000 0.000000 0.000000
91746 0.000000 0.000000 0.000000 0.000000
91747 0.000000 0.000000 0.000000 0.000000
91748 0.000000 0.000000 0.000000 0.000000
91749 0.000000 0.000000 0.000000 0.000000
91750 0.000000 0.000000 0.000000 0.000000
91751 0.000000 0.000000 0.000000 0.000000
91752 0.000000 0.000000 0.000000 0.000000
91753 0.000000 0.000000 0.000000 0.000000
91754 0.000000 0.000000 0.000000 0.000000
91755 0.000000 0.000000 0.000000 0.000000
91756 0.000000 0.000000 0.000000 0.000000
91757 0.000000 0.000000 0.000000 0.000000
91758 0.000000 0.000000 0.000000 0.000000
91759 0.000000 0.000000 0.000000 0.000000
91760 0.000000 0.000000 0.000000 0.000000
91761 0.000000 0.000000 0.000000 0.000000
91762 0.000000 0.000000 0.000000 0.000000
91763 0.000000 0.000000 0.000000 0.000000
91764 0.000000 0.000000 0.000000 0.000000
91765 0.000000 0.000000 0.000000 0.000000
91766 0.000000 0.000000 0.000000 0.000000
91767 0.000000 0.000000 0.000000 0.000000
91768 0.000000 0.000000 0.000000 0.000000
91769 0.000000 0.000000 0.000000 0.000000
91770 0.000000 0.000000 0.000000 0.000000
91771 0.000000 0.000000 0.000000 0.000000
91772 0.000000 0.000000 0.000000 0.000000
91773 0.000000 0.000000 0.000000 0.000000
91774 0.000000 0.000000 0.000000 0.000000
91775 0.000000 0.000000 0.000000 0.000000
91776 0.000000 0.000000 0.000000 0.000000
91777 0.000000 0.000000 0.000000 0.000000
91778 0.000000 0.000000 0.000000 0.000000
91779 0.000000 0.000000 0.000000 0.000000
91780 0.000000 0.000000 0.000000 0.000000
91781 0.000000 0.000000 0.000000 0.000000
91782 0.000000 0.000000 0.000000 0.000000
91783 0.000000 0.000000 0.000000 0.000000
91784 0.000000 0.000000 0.000000 0.000000
91785 0.000000 0.000000 0.000000 0.000000
91786 0.000000 0.000000 0.000000 0.000000
91787 0.000000 0.000000 0.000000 0.000000
91788 0.000000 0.000000 0.000000 0.000000
91789 0.000000 0.000000 0.000000 0.000000
91790 0.000000 0.000000 0.000000 0.000000
91791 0.000000 0.000000 0.000000 0.000000
91792 0.000000 0.000000 0.000000 0.000000
91793 0.000000 0.000000 0.000000 0.000000
91794 0.000000 0.000000 0.000000 0.000000
91795 0.000000 0.000000 0.000000 0.000000
91796 0.000000 0.000000 0.000000 0.000000
91797 0.000000 0.000000 0.000000 0.000000
91798 0.000000 0.000000 0.000000 0.000000
91799 0.000000 0.000000 0.000000 0.000000
91800 0.000000 0.000000 0.000000 0.000000
91801 0.000000 0.000000 0.000000 0.000000
91802 0.000000 0.000000 0.000000 0.000000
91803 0.000000 0.000000 0.000000 0.000000
91804 0.000000 0.000000 0.000000 0.000000
91805 0.000000 0.000000 0.000000 0.000000
91806 0.000000 0.000000 0.000000 0.000000
91807 0.000000 0.000000 0.000000 0.000000
91808 0.000000 0.000000 0.000000 0.000000
91809 0.000000 0.000000 0.000000 0.000000
91810 0.000000 0.000000 0.000000 0.000000
91811 0.000000 0.000000 0.000000 0.000000
91812 0.000000 0.000000 0.000000 0.000000
91813 0.000000 0.000000 0.000000 0.000000
91814 0.000000 0.000000 0.000000 0.000000
91815 0.000000 0.000000 0.000000 0.000000
91816 0.000000 0.000000 0.000000 0.000000
91817 0.000000 0.000000 0.000000 0.000000
91818 0.000000 0.000000 0.000000 0.000000
91819 0.000000 0.000000 0.000000 0.000000
91820 0.000000 0.000000 0.000000 0.000000
91821 0.000000 0.000000 0.000000 0.000000
91822 0.000000 0.000000 0.000000 0.000000
91823 0.000000 0.000000 0.000000 0.000000
91824 0.000000 0.000000 0.000000 0.000000
91825 0.000000 0.000000 0.000000 0.000000
91826 0.000000 0.000000 0.000000 0.000000
91827 0.000000 0.000000 0.000000 0.000000
91828 0.000000 0.000000 0.000000 0.000000
91829 0.000000 0.000000 0.000000 0.000000
91830 0.000000 0.000000 0.000000 0.000000
91831 0.000000 0.000000 0.000000 0.000000
91832 0.000000 0.000000 0.000000 0.000000
91833 0.000000 0.000000 0.000000 0.000000
91834 0.000000 0.000000 0.000000 0.000000
91835 0.000000 0.000000 0.000000 0.000000
91836 0.000000 0.000000 0.000000 0.000000
91837 0.000000 0.000000 0.000000 0.000000
91838 0.000000 0.000000 0.000000 0.000000
91839 0.000000 0.000000 0.000000 0.000000
91840 0.000000 0.000000 0.000000 0.000000
91841 0.000000 0.000000 0.000000 0.000000
91842 0.000000 0.000000 0.000000 0.000000
91843 0.000000 0.000000 0.000000 0.000000
91844 0.000000 0.000000 0.000000 0.000000
91845 0.000000 0.000000 0.000000 0.000000
91846 0.000000 0.000000 0.000000 0.000000
91847 0.000000 0.000000 0.000000 0.000000
91848 0.000000 0.000000 0.000000 0.000000
91849 0.000000 0.000000 0.000000 0.000000
91850 0.000000 0.000000 0.000000 0.000000
91851 0.000000 0.000000 0.000000 0.000000
91852 0.000000 0.000000 0.000000 0.000000
91853 0.000000 0.000000 0.000000 0.000000
91854 0.000000 0.000000 0.000000 0.000000
91855 0.000000 0.000000 0.000000 0.000000
91856 0.000000 0.000000 0.000000 0.000000
91857 0.000000 0.000000 0.000000 0.000000
91858 0.000000 0.000000 0.000000 0.000000
91859 0.000000 0.000000 0.000000 0.000000
91860 0.000000 0.000000 0.000000 0.000000
91861 0.000000 0.000000 0.000000 0.000000
91862 0.000000 0.000000 0.000000 0.000000
91863 0.000000 0.000000 0.000000 0.000000
91864 0.000000 0.000000 0.000000 0.000000
91865 0.000000 0.000000 0.000000 0.000000
91866 0.000000 0.000000 0.000000 0.000000
91867 0.000000 0.000000 0.000000 0.000000
91868 0.000000 0.000000 0.000000 0.000000
91869 0.000000 0.000000 0.000000 0.000000
91870 0.000000 0.000000 0.000000 0.000000
91871 0.000000 0.000000 0.000000 0.000000
91872 0.000000 0.000000 0.000000 0.000000
91873 0.000000 0.000000 0.000000 0.000000
91874 0.000000 0.000000 0.000000 0.000000
91875 0.000000 0.000000 0.000000 0.000000
91876 0.000000 0.000000 0.000000 0.000000
91877 0.000000 0.000000 0.000000 0.000000
91878 0.000000 0.000000 0.000000 0.000000
91879 0.000000 0.000000 0.000000 0.000000
91880 0.000000 0.000000 0.000000 0.000000
91881 0.000000 0.000000 0.000000 0.000000
91882 0.000000 0.000000 0.000000 0.000000
91883 0.000000 0.000000 0.000000 0.000000
91884 0.000000 0.000000 0.000000 0.000000
91885 0.000000 0.000000 0.000000 0.000000
91886 0.000000 0.000000 0.000000 0.000000
91887 0.000000 0.000000 0.000000 0.000000
91888 0.000000 0.000000 0.000000 0.000000
91889 0.000000 0.000000 0.000000 0.000000
91890 0.000000 0.000000 0.000000 0.000000
91891 0.000000 0.000000 0.000000 0.000000
91892 0.000000 0.000000 0.000000 0.000000
91893 0.000000 0.000000 0.000000 0.000000
91894 0.000000 0.000000 0.000000 0.000000
91895 0.000000 0.000000 0.000000 0.000000
91896 0.000000 0.000000 0.000000 0.000000
91897 0.000000 0.000000 0.000000 0.000000
91898 0.000000 0.000000 0.000000 0.000000
91899 0.000000 0.000000 0.000000 0.000000
91900 0.000000 0.000000 0.000000 0.000000
91901 0.000000 0.000000 0.000000 0.000000
91902 0.000000 0.000000 0.000000 0.000000
91903 0.000000 0.000000 0.000000 0.000000
91904 0.000000 0.000000 0.000000 0.000000
91905 0.000000 0.000000 0.000000 0.000000
91906 0.000000 0.000000 0.000000 0.000000
91907 0.000000 0.000000 0.000000 0.000000
91908 0.000000 0.000000 0.000000 0.000000
91909 0.000000 0.000000 0.000000 0.000000
91910 0.000000 0.000000 0.000000 0.000000
91911 0.000000 0.000000 0.000000 0.000000
91912 0.000000 0.000000 0.000000 0.000000
91913 0.000000 0.000000 0.000000 0.000000
91914 0.000000 0.000000 0.000000 0.000000
91915 0.000000 0.000000 0.000000 0.000000
91916 0.000000 0.000000 0.000000 0.000000
91917 0.000000 0.000000 0.000000 0.000000
91918 0.000000 0.000000 0.000000 0.000000
91919 0.000000 0.000000 0.000000 0.000000
91920 0.000000 0.000000 0.000000 0.000000
91921 0.000000 0.000000 0.000000 0.000000
91922 0.000000 0.000000 0.000000 0.000000
91923 0.000000 0.000000 0.000000 0.000000
91924 0.000000 0.000000 0.000000 0.000000
91925 0.000000 0.000000 0.000000 0.000000
91926 0.000000 0.000000 0.000000 0.000000
91927 0.000000 0.000000 0.000000 0.000000
91928 0.000000 0.000000 0.000000 0.000000
91929 0.000000 0.000000 0.000000 0.000000
91930 0.000000 0.000000 0.000000 0.000000
91931 0.000000 0.000000 0.000000 0.000000
91932 0.000000 0.000000 0.000000 0.000000
91933 0.000000 0.000000 0.000000 0.000000
91934 0.000000 0.000000 0.000000 0.000000
91935 0.000000 0.000000 0.000000 0.000000
91936 0.000000 0.000000 0.000000 0.000000
91937 0.000000 0.000000 0.000000 0.000000
91938 0.000000 0.000000 0.000000 0.000000
91939 0.000000 0.000000 0.000000 0.000000
91940 0.000000 0.000000 0.000000 0.000000
91941 0.000000 0.000000 0.000000 0.000000
91942 0.000000 0.000000 0.000000 0.000000
91943 0.000000 0.000000 0.000000 0.000000
91944 0.000000 0.000000 0.000000 0.000000
91945 0.000000 0.000000 0.000000 0.000000
91946 0.000000 0.000000 0.000000 0.000000
91947 0.000000 0.000000 0.000000 0.000000
91948 0.000000 0.000000 0.000000 0.000000
91949 0.000000 0.000000 0.000000 0.000000
91950 0.000000 0.000000 0.000000 0.000000
91951 0.000000 0.000000 0.000000 0.000000
91952 0.000000 0.000000 0.000000 0.000000
91953 0.000000 0.000000 0.000000 0.000000
91954 0.000000 0.000000 0.000000 0.000000
91955 0.000000 0.000000 0.000000 0.000000
91956 0.000000 0.000000 0.000000 0.000000
91957 0.000000 0.000000 0.000000 0.000000
91958 0.000000 0.000000 0.000000 0.000000
91959 0.000000 0.000000 0.000000 0.000000
91960 0.000000 0.000000 0.000000 0.000000
91961 0.000000 0.000000 0.000000 0.000000
91962 0.000000 0.000000 0.000000 0.000000
91963 0.000000 0.000000 0.000000 0.000000
91964 0.000000 0.000000 0.000000 0.000000
91965 0.000000 0.000000 0.000000 0.000000
91966 0.000000 0.000000 0.000000 0.000000
91967 0.000000 0.000000 0.000000 0.000000
91968 0.000000 0.000000 0.000000 0.000000
91969 0.000000 0.000000 0.000000 0.000000
91970 0.000000 0.000000 0.000000 0.000000
91971 0.000000 0.000000 0.000000 0.000000
91972 0.000000 0.000000 0.000000 0.000000
91973 0.000000 0.000000 0.000000 0.000000
91974 0.000000 0.000000 0.000000 0.000000
91975 0.000000 0.000000 0.000000 0.000000
91976 0.000000 0.000000 0.000000 0.000000
91977 0.000000 0.000000 0.000000 0.000000
91978 0.000000 0.000000 0.000000 0.000000
91979 0.000000 0.000000 0.000000 0.000000
91980 0.000000 0.000000 0.000000 0.000000
91981 0.000000 0.000000 0.000000 0.000000
91982 0.000000 0.000000 0.000000 0.000000
91983 0.000000 0.000000 0.000000 0.000000
91984 0.000000 0.000000 0.000000 0.000000
91985 0.000000 0.000000 0.000000 0.000000
91986 0.000000 0.000000 0.000000 0.000000
91987 0.000000 0.000000 0.000000 0.000000
