#!ascii label, from subject  
1060
92248 0.000000 0.000000 0.000000 0.000000
92249 0.000000 0.000000 0.000000 0.000000
92250 0.000000 0.000000 0.000000 0.000000
92251 0.000000 0.000000 0.000000 0.000000
92252 0.000000 0.000000 0.000000 0.000000
92253 0.000000 0.000000 0.000000 0.000000
92254 0.000000 0.000000 0.000000 0.000000
92255 0.000000 0.000000 0.000000 0.000000
92256 0.000000 0.000000 0.000000 0.000000
92257 0.000000 0.000000 0.000000 0.000000
92258 0.000000 0.000000 0.000000 0.000000
92259 0.000000 0.000000 0.000000 0.000000
92260 0.000000 0.000000 0.000000 0.000000
92261 0.000000 0.000000 0.000000 0.000000
92262 0.000000 0.000000 0.000000 0.000000
92263 0.000000 0.000000 0.000000 0.000000
92264 0.000000 0.000000 0.000000 0.000000
92265 0.000000 0.000000 0.000000 0.000000
92266 0.000000 0.000000 0.000000 0.000000
92267 0.000000 0.000000 0.000000 0.000000
92268 0.000000 0.000000 0.000000 0.000000
92269 0.000000 0.000000 0.000000 0.000000
92270 0.000000 0.000000 0.000000 0.000000
92271 0.000000 0.000000 0.000000 0.000000
92272 0.000000 0.000000 0.000000 0.000000
92273 0.000000 0.000000 0.000000 0.000000
92274 0.000000 0.000000 0.000000 0.000000
92275 0.000000 0.000000 0.000000 0.000000
92276 0.000000 0.000000 0.000000 0.000000
92277 0.000000 0.000000 0.000000 0.000000
92278 0.000000 0.000000 0.000000 0.000000
92279 0.000000 0.000000 0.000000 0.000000
92280 0.000000 0.000000 0.000000 0.000000
92281 0.000000 0.000000 0.000000 0.000000
92282 0.000000 0.000000 0.000000 0.000000
92283 0.000000 0.000000 0.000000 0.000000
92284 0.000000 0.000000 0.000000 0.000000
92285 0.000000 0.000000 0.000000 0.000000
92286 0.000000 0.000000 0.000000 0.000000
92287 0.000000 0.000000 0.000000 0.000000
92288 0.000000 0.000000 0.000000 0.000000
92289 0.000000 0.000000 0.000000 0.000000
92290 0.000000 0.000000 0.000000 0.000000
92291 0.000000 0.000000 0.000000 0.000000
92292 0.000000 0.000000 0.000000 0.000000
92293 0.000000 0.000000 0.000000 0.000000
92294 0.000000 0.000000 0.000000 0.000000
92295 0.000000 0.000000 0.000000 0.000000
92296 0.000000 0.000000 0.000000 0.000000
92297 0.000000 0.000000 0.000000 0.000000
92298 0.000000 0.000000 0.000000 0.000000
92299 0.000000 0.000000 0.000000 0.000000
92300 0.000000 0.000000 0.000000 0.000000
92301 0.000000 0.000000 0.000000 0.000000
92302 0.000000 0.000000 0.000000 0.000000
92303 0.000000 0.000000 0.000000 0.000000
92304 0.000000 0.000000 0.000000 0.000000
92305 0.000000 0.000000 0.000000 0.000000
92306 0.000000 0.000000 0.000000 0.000000
92307 0.000000 0.000000 0.000000 0.000000
92308 0.000000 0.000000 0.000000 0.000000
92309 0.000000 0.000000 0.000000 0.000000
92310 0.000000 0.000000 0.000000 0.000000
92311 0.000000 0.000000 0.000000 0.000000
92312 0.000000 0.000000 0.000000 0.000000
92313 0.000000 0.000000 0.000000 0.000000
92314 0.000000 0.000000 0.000000 0.000000
92315 0.000000 0.000000 0.000000 0.000000
92316 0.000000 0.000000 0.000000 0.000000
92317 0.000000 0.000000 0.000000 0.000000
92318 0.000000 0.000000 0.000000 0.000000
92319 0.000000 0.000000 0.000000 0.000000
92320 0.000000 0.000000 0.000000 0.000000
92321 0.000000 0.000000 0.000000 0.000000
92322 0.000000 0.000000 0.000000 0.000000
92323 0.000000 0.000000 0.000000 0.000000
92324 0.000000 0.000000 0.000000 0.000000
92325 0.000000 0.000000 0.000000 0.000000
92326 0.000000 0.000000 0.000000 0.000000
92327 0.000000 0.000000 0.000000 0.000000
92328 0.000000 0.000000 0.000000 0.000000
92329 0.000000 0.000000 0.000000 0.000000
92330 0.000000 0.000000 0.000000 0.000000
92331 0.000000 0.000000 0.000000 0.000000
92332 0.000000 0.000000 0.000000 0.000000
92333 0.000000 0.000000 0.000000 0.000000
92334 0.000000 0.000000 0.000000 0.000000
92335 0.000000 0.000000 0.000000 0.000000
92336 0.000000 0.000000 0.000000 0.000000
92337 0.000000 0.000000 0.000000 0.000000
92338 0.000000 0.000000 0.000000 0.000000
92339 0.000000 0.000000 0.000000 0.000000
92340 0.000000 0.000000 0.000000 0.000000
92341 0.000000 0.000000 0.000000 0.000000
92342 0.000000 0.000000 0.000000 0.000000
92343 0.000000 0.000000 0.000000 0.000000
92344 0.000000 0.000000 0.000000 0.000000
92345 0.000000 0.000000 0.000000 0.000000
92346 0.000000 0.000000 0.000000 0.000000
92347 0.000000 0.000000 0.000000 0.000000
92348 0.000000 0.000000 0.000000 0.000000
92349 0.000000 0.000000 0.000000 0.000000
92350 0.000000 0.000000 0.000000 0.000000
92351 0.000000 0.000000 0.000000 0.000000
92352 0.000000 0.000000 0.000000 0.000000
92353 0.000000 0.000000 0.000000 0.000000
92354 0.000000 0.000000 0.000000 0.000000
92355 0.000000 0.000000 0.000000 0.000000
92356 0.000000 0.000000 0.000000 0.000000
92357 0.000000 0.000000 0.000000 0.000000
92358 0.000000 0.000000 0.000000 0.000000
92359 0.000000 0.000000 0.000000 0.000000
92360 0.000000 0.000000 0.000000 0.000000
92361 0.000000 0.000000 0.000000 0.000000
92362 0.000000 0.000000 0.000000 0.000000
92363 0.000000 0.000000 0.000000 0.000000
92364 0.000000 0.000000 0.000000 0.000000
92365 0.000000 0.000000 0.000000 0.000000
92366 0.000000 0.000000 0.000000 0.000000
92367 0.000000 0.000000 0.000000 0.000000
92368 0.000000 0.000000 0.000000 0.000000
92369 0.000000 0.000000 0.000000 0.000000
92370 0.000000 0.000000 0.000000 0.000000
92371 0.000000 0.000000 0.000000 0.000000
92372 0.000000 0.000000 0.000000 0.000000
92373 0.000000 0.000000 0.000000 0.000000
92374 0.000000 0.000000 0.000000 0.000000
92375 0.000000 0.000000 0.000000 0.000000
92376 0.000000 0.000000 0.000000 0.000000
92377 0.000000 0.000000 0.000000 0.000000
92378 0.000000 0.000000 0.000000 0.000000
92379 0.000000 0.000000 0.000000 0.000000
92380 0.000000 0.000000 0.000000 0.000000
92381 0.000000 0.000000 0.000000 0.000000
92382 0.000000 0.000000 0.000000 0.000000
92383 0.000000 0.000000 0.000000 0.000000
92384 0.000000 0.000000 0.000000 0.000000
92385 0.000000 0.000000 0.000000 0.000000
92386 0.000000 0.000000 0.000000 0.000000
92387 0.000000 0.000000 0.000000 0.000000
92388 0.000000 0.000000 0.000000 0.000000
92389 0.000000 0.000000 0.000000 0.000000
92390 0.000000 0.000000 0.000000 0.000000
92391 0.000000 0.000000 0.000000 0.000000
92392 0.000000 0.000000 0.000000 0.000000
92393 0.000000 0.000000 0.000000 0.000000
92394 0.000000 0.000000 0.000000 0.000000
92395 0.000000 0.000000 0.000000 0.000000
92396 0.000000 0.000000 0.000000 0.000000
92397 0.000000 0.000000 0.000000 0.000000
92398 0.000000 0.000000 0.000000 0.000000
92399 0.000000 0.000000 0.000000 0.000000
92400 0.000000 0.000000 0.000000 0.000000
92401 0.000000 0.000000 0.000000 0.000000
92402 0.000000 0.000000 0.000000 0.000000
92403 0.000000 0.000000 0.000000 0.000000
92404 0.000000 0.000000 0.000000 0.000000
92405 0.000000 0.000000 0.000000 0.000000
92406 0.000000 0.000000 0.000000 0.000000
92407 0.000000 0.000000 0.000000 0.000000
92408 0.000000 0.000000 0.000000 0.000000
92409 0.000000 0.000000 0.000000 0.000000
92410 0.000000 0.000000 0.000000 0.000000
92411 0.000000 0.000000 0.000000 0.000000
92412 0.000000 0.000000 0.000000 0.000000
92413 0.000000 0.000000 0.000000 0.000000
92414 0.000000 0.000000 0.000000 0.000000
92415 0.000000 0.000000 0.000000 0.000000
92416 0.000000 0.000000 0.000000 0.000000
92417 0.000000 0.000000 0.000000 0.000000
92418 0.000000 0.000000 0.000000 0.000000
92419 0.000000 0.000000 0.000000 0.000000
92420 0.000000 0.000000 0.000000 0.000000
92421 0.000000 0.000000 0.000000 0.000000
92422 0.000000 0.000000 0.000000 0.000000
92423 0.000000 0.000000 0.000000 0.000000
92424 0.000000 0.000000 0.000000 0.000000
92425 0.000000 0.000000 0.000000 0.000000
92426 0.000000 0.000000 0.000000 0.000000
92427 0.000000 0.000000 0.000000 0.000000
92428 0.000000 0.000000 0.000000 0.000000
92429 0.000000 0.000000 0.000000 0.000000
92430 0.000000 0.000000 0.000000 0.000000
92431 0.000000 0.000000 0.000000 0.000000
92432 0.000000 0.000000 0.000000 0.000000
92433 0.000000 0.000000 0.000000 0.000000
92434 0.000000 0.000000 0.000000 0.000000
92435 0.000000 0.000000 0.000000 0.000000
92436 0.000000 0.000000 0.000000 0.000000
92437 0.000000 0.000000 0.000000 0.000000
92438 0.000000 0.000000 0.000000 0.000000
92439 0.000000 0.000000 0.000000 0.000000
92440 0.000000 0.000000 0.000000 0.000000
92441 0.000000 0.000000 0.000000 0.000000
92442 0.000000 0.000000 0.000000 0.000000
92443 0.000000 0.000000 0.000000 0.000000
92444 0.000000 0.000000 0.000000 0.000000
92445 0.000000 0.000000 0.000000 0.000000
92446 0.000000 0.000000 0.000000 0.000000
92447 0.000000 0.000000 0.000000 0.000000
92448 0.000000 0.000000 0.000000 0.000000
92449 0.000000 0.000000 0.000000 0.000000
92450 0.000000 0.000000 0.000000 0.000000
92451 0.000000 0.000000 0.000000 0.000000
92452 0.000000 0.000000 0.000000 0.000000
92453 0.000000 0.000000 0.000000 0.000000
92454 0.000000 0.000000 0.000000 0.000000
92455 0.000000 0.000000 0.000000 0.000000
92456 0.000000 0.000000 0.000000 0.000000
92457 0.000000 0.000000 0.000000 0.000000
92458 0.000000 0.000000 0.000000 0.000000
92459 0.000000 0.000000 0.000000 0.000000
92460 0.000000 0.000000 0.000000 0.000000
92461 0.000000 0.000000 0.000000 0.000000
92462 0.000000 0.000000 0.000000 0.000000
92463 0.000000 0.000000 0.000000 0.000000
92464 0.000000 0.000000 0.000000 0.000000
92465 0.000000 0.000000 0.000000 0.000000
92466 0.000000 0.000000 0.000000 0.000000
92467 0.000000 0.000000 0.000000 0.000000
92468 0.000000 0.000000 0.000000 0.000000
92469 0.000000 0.000000 0.000000 0.000000
92470 0.000000 0.000000 0.000000 0.000000
92471 0.000000 0.000000 0.000000 0.000000
92472 0.000000 0.000000 0.000000 0.000000
92473 0.000000 0.000000 0.000000 0.000000
92474 0.000000 0.000000 0.000000 0.000000
92475 0.000000 0.000000 0.000000 0.000000
92476 0.000000 0.000000 0.000000 0.000000
92477 0.000000 0.000000 0.000000 0.000000
92478 0.000000 0.000000 0.000000 0.000000
92479 0.000000 0.000000 0.000000 0.000000
92480 0.000000 0.000000 0.000000 0.000000
92481 0.000000 0.000000 0.000000 0.000000
92482 0.000000 0.000000 0.000000 0.000000
92483 0.000000 0.000000 0.000000 0.000000
92484 0.000000 0.000000 0.000000 0.000000
92485 0.000000 0.000000 0.000000 0.000000
92486 0.000000 0.000000 0.000000 0.000000
92487 0.000000 0.000000 0.000000 0.000000
92488 0.000000 0.000000 0.000000 0.000000
92489 0.000000 0.000000 0.000000 0.000000
92490 0.000000 0.000000 0.000000 0.000000
92491 0.000000 0.000000 0.000000 0.000000
92492 0.000000 0.000000 0.000000 0.000000
92493 0.000000 0.000000 0.000000 0.000000
92494 0.000000 0.000000 0.000000 0.000000
92495 0.000000 0.000000 0.000000 0.000000
92496 0.000000 0.000000 0.000000 0.000000
92497 0.000000 0.000000 0.000000 0.000000
92498 0.000000 0.000000 0.000000 0.000000
92499 0.000000 0.000000 0.000000 0.000000
92500 0.000000 0.000000 0.000000 0.000000
92501 0.000000 0.000000 0.000000 0.000000
92502 0.000000 0.000000 0.000000 0.000000
92503 0.000000 0.000000 0.000000 0.000000
92504 0.000000 0.000000 0.000000 0.000000
92505 0.000000 0.000000 0.000000 0.000000
92506 0.000000 0.000000 0.000000 0.000000
92507 0.000000 0.000000 0.000000 0.000000
92508 0.000000 0.000000 0.000000 0.000000
92509 0.000000 0.000000 0.000000 0.000000
92510 0.000000 0.000000 0.000000 0.000000
92511 0.000000 0.000000 0.000000 0.000000
92512 0.000000 0.000000 0.000000 0.000000
92513 0.000000 0.000000 0.000000 0.000000
92514 0.000000 0.000000 0.000000 0.000000
92515 0.000000 0.000000 0.000000 0.000000
92516 0.000000 0.000000 0.000000 0.000000
92517 0.000000 0.000000 0.000000 0.000000
92518 0.000000 0.000000 0.000000 0.000000
92519 0.000000 0.000000 0.000000 0.000000
92520 0.000000 0.000000 0.000000 0.000000
92521 0.000000 0.000000 0.000000 0.000000
92522 0.000000 0.000000 0.000000 0.000000
92523 0.000000 0.000000 0.000000 0.000000
92524 0.000000 0.000000 0.000000 0.000000
92525 0.000000 0.000000 0.000000 0.000000
92526 0.000000 0.000000 0.000000 0.000000
92527 0.000000 0.000000 0.000000 0.000000
92528 0.000000 0.000000 0.000000 0.000000
92529 0.000000 0.000000 0.000000 0.000000
92530 0.000000 0.000000 0.000000 0.000000
92531 0.000000 0.000000 0.000000 0.000000
92532 0.000000 0.000000 0.000000 0.000000
92533 0.000000 0.000000 0.000000 0.000000
92534 0.000000 0.000000 0.000000 0.000000
92535 0.000000 0.000000 0.000000 0.000000
92536 0.000000 0.000000 0.000000 0.000000
92537 0.000000 0.000000 0.000000 0.000000
92538 0.000000 0.000000 0.000000 0.000000
92539 0.000000 0.000000 0.000000 0.000000
92540 0.000000 0.000000 0.000000 0.000000
92541 0.000000 0.000000 0.000000 0.000000
92542 0.000000 0.000000 0.000000 0.000000
92543 0.000000 0.000000 0.000000 0.000000
92544 0.000000 0.000000 0.000000 0.000000
92545 0.000000 0.000000 0.000000 0.000000
92546 0.000000 0.000000 0.000000 0.000000
92547 0.000000 0.000000 0.000000 0.000000
92548 0.000000 0.000000 0.000000 0.000000
92549 0.000000 0.000000 0.000000 0.000000
92550 0.000000 0.000000 0.000000 0.000000
92551 0.000000 0.000000 0.000000 0.000000
92552 0.000000 0.000000 0.000000 0.000000
92553 0.000000 0.000000 0.000000 0.000000
92554 0.000000 0.000000 0.000000 0.000000
92555 0.000000 0.000000 0.000000 0.000000
92556 0.000000 0.000000 0.000000 0.000000
92557 0.000000 0.000000 0.000000 0.000000
92558 0.000000 0.000000 0.000000 0.000000
92559 0.000000 0.000000 0.000000 0.000000
92560 0.000000 0.000000 0.000000 0.000000
92561 0.000000 0.000000 0.000000 0.000000
92562 0.000000 0.000000 0.000000 0.000000
92563 0.000000 0.000000 0.000000 0.000000
92564 0.000000 0.000000 0.000000 0.000000
92565 0.000000 0.000000 0.000000 0.000000
92566 0.000000 0.000000 0.000000 0.000000
92567 0.000000 0.000000 0.000000 0.000000
92568 0.000000 0.000000 0.000000 0.000000
92569 0.000000 0.000000 0.000000 0.000000
92570 0.000000 0.000000 0.000000 0.000000
92571 0.000000 0.000000 0.000000 0.000000
92572 0.000000 0.000000 0.000000 0.000000
92573 0.000000 0.000000 0.000000 0.000000
92574 0.000000 0.000000 0.000000 0.000000
92575 0.000000 0.000000 0.000000 0.000000
92576 0.000000 0.000000 0.000000 0.000000
92577 0.000000 0.000000 0.000000 0.000000
92578 0.000000 0.000000 0.000000 0.000000
92579 0.000000 0.000000 0.000000 0.000000
92580 0.000000 0.000000 0.000000 0.000000
92581 0.000000 0.000000 0.000000 0.000000
92582 0.000000 0.000000 0.000000 0.000000
92583 0.000000 0.000000 0.000000 0.000000
92584 0.000000 0.000000 0.000000 0.000000
92585 0.000000 0.000000 0.000000 0.000000
92586 0.000000 0.000000 0.000000 0.000000
92587 0.000000 0.000000 0.000000 0.000000
92588 0.000000 0.000000 0.000000 0.000000
92589 0.000000 0.000000 0.000000 0.000000
92590 0.000000 0.000000 0.000000 0.000000
92591 0.000000 0.000000 0.000000 0.000000
92592 0.000000 0.000000 0.000000 0.000000
92593 0.000000 0.000000 0.000000 0.000000
92594 0.000000 0.000000 0.000000 0.000000
92595 0.000000 0.000000 0.000000 0.000000
92596 0.000000 0.000000 0.000000 0.000000
92597 0.000000 0.000000 0.000000 0.000000
92598 0.000000 0.000000 0.000000 0.000000
92599 0.000000 0.000000 0.000000 0.000000
92600 0.000000 0.000000 0.000000 0.000000
92601 0.000000 0.000000 0.000000 0.000000
92602 0.000000 0.000000 0.000000 0.000000
92603 0.000000 0.000000 0.000000 0.000000
92604 0.000000 0.000000 0.000000 0.000000
92605 0.000000 0.000000 0.000000 0.000000
92606 0.000000 0.000000 0.000000 0.000000
92607 0.000000 0.000000 0.000000 0.000000
92608 0.000000 0.000000 0.000000 0.000000
92609 0.000000 0.000000 0.000000 0.000000
92610 0.000000 0.000000 0.000000 0.000000
92611 0.000000 0.000000 0.000000 0.000000
92612 0.000000 0.000000 0.000000 0.000000
92613 0.000000 0.000000 0.000000 0.000000
92614 0.000000 0.000000 0.000000 0.000000
92615 0.000000 0.000000 0.000000 0.000000
92616 0.000000 0.000000 0.000000 0.000000
92617 0.000000 0.000000 0.000000 0.000000
92618 0.000000 0.000000 0.000000 0.000000
92619 0.000000 0.000000 0.000000 0.000000
92620 0.000000 0.000000 0.000000 0.000000
92621 0.000000 0.000000 0.000000 0.000000
92622 0.000000 0.000000 0.000000 0.000000
92623 0.000000 0.000000 0.000000 0.000000
92624 0.000000 0.000000 0.000000 0.000000
92625 0.000000 0.000000 0.000000 0.000000
92626 0.000000 0.000000 0.000000 0.000000
92627 0.000000 0.000000 0.000000 0.000000
92628 0.000000 0.000000 0.000000 0.000000
92629 0.000000 0.000000 0.000000 0.000000
92630 0.000000 0.000000 0.000000 0.000000
92631 0.000000 0.000000 0.000000 0.000000
92632 0.000000 0.000000 0.000000 0.000000
92633 0.000000 0.000000 0.000000 0.000000
92634 0.000000 0.000000 0.000000 0.000000
92635 0.000000 0.000000 0.000000 0.000000
92636 0.000000 0.000000 0.000000 0.000000
92637 0.000000 0.000000 0.000000 0.000000
92638 0.000000 0.000000 0.000000 0.000000
92639 0.000000 0.000000 0.000000 0.000000
92640 0.000000 0.000000 0.000000 0.000000
92641 0.000000 0.000000 0.000000 0.000000
92642 0.000000 0.000000 0.000000 0.000000
92643 0.000000 0.000000 0.000000 0.000000
92644 0.000000 0.000000 0.000000 0.000000
92645 0.000000 0.000000 0.000000 0.000000
92646 0.000000 0.000000 0.000000 0.000000
92647 0.000000 0.000000 0.000000 0.000000
92648 0.000000 0.000000 0.000000 0.000000
92649 0.000000 0.000000 0.000000 0.000000
92650 0.000000 0.000000 0.000000 0.000000
92651 0.000000 0.000000 0.000000 0.000000
92652 0.000000 0.000000 0.000000 0.000000
92653 0.000000 0.000000 0.000000 0.000000
92654 0.000000 0.000000 0.000000 0.000000
92655 0.000000 0.000000 0.000000 0.000000
92656 0.000000 0.000000 0.000000 0.000000
92657 0.000000 0.000000 0.000000 0.000000
92658 0.000000 0.000000 0.000000 0.000000
92659 0.000000 0.000000 0.000000 0.000000
92660 0.000000 0.000000 0.000000 0.000000
92661 0.000000 0.000000 0.000000 0.000000
92662 0.000000 0.000000 0.000000 0.000000
92663 0.000000 0.000000 0.000000 0.000000
92664 0.000000 0.000000 0.000000 0.000000
92665 0.000000 0.000000 0.000000 0.000000
92666 0.000000 0.000000 0.000000 0.000000
92667 0.000000 0.000000 0.000000 0.000000
92668 0.000000 0.000000 0.000000 0.000000
92669 0.000000 0.000000 0.000000 0.000000
92670 0.000000 0.000000 0.000000 0.000000
92671 0.000000 0.000000 0.000000 0.000000
92672 0.000000 0.000000 0.000000 0.000000
92673 0.000000 0.000000 0.000000 0.000000
92674 0.000000 0.000000 0.000000 0.000000
92675 0.000000 0.000000 0.000000 0.000000
92676 0.000000 0.000000 0.000000 0.000000
92677 0.000000 0.000000 0.000000 0.000000
92678 0.000000 0.000000 0.000000 0.000000
92679 0.000000 0.000000 0.000000 0.000000
92680 0.000000 0.000000 0.000000 0.000000
92681 0.000000 0.000000 0.000000 0.000000
92682 0.000000 0.000000 0.000000 0.000000
92683 0.000000 0.000000 0.000000 0.000000
92684 0.000000 0.000000 0.000000 0.000000
92685 0.000000 0.000000 0.000000 0.000000
92686 0.000000 0.000000 0.000000 0.000000
92687 0.000000 0.000000 0.000000 0.000000
92688 0.000000 0.000000 0.000000 0.000000
92689 0.000000 0.000000 0.000000 0.000000
92690 0.000000 0.000000 0.000000 0.000000
92691 0.000000 0.000000 0.000000 0.000000
92692 0.000000 0.000000 0.000000 0.000000
92693 0.000000 0.000000 0.000000 0.000000
92694 0.000000 0.000000 0.000000 0.000000
92695 0.000000 0.000000 0.000000 0.000000
92696 0.000000 0.000000 0.000000 0.000000
92697 0.000000 0.000000 0.000000 0.000000
92698 0.000000 0.000000 0.000000 0.000000
92699 0.000000 0.000000 0.000000 0.000000
92700 0.000000 0.000000 0.000000 0.000000
92701 0.000000 0.000000 0.000000 0.000000
92702 0.000000 0.000000 0.000000 0.000000
92703 0.000000 0.000000 0.000000 0.000000
92704 0.000000 0.000000 0.000000 0.000000
92705 0.000000 0.000000 0.000000 0.000000
92706 0.000000 0.000000 0.000000 0.000000
92707 0.000000 0.000000 0.000000 0.000000
92708 0.000000 0.000000 0.000000 0.000000
92709 0.000000 0.000000 0.000000 0.000000
92710 0.000000 0.000000 0.000000 0.000000
92711 0.000000 0.000000 0.000000 0.000000
92712 0.000000 0.000000 0.000000 0.000000
92713 0.000000 0.000000 0.000000 0.000000
92714 0.000000 0.000000 0.000000 0.000000
92715 0.000000 0.000000 0.000000 0.000000
92716 0.000000 0.000000 0.000000 0.000000
92717 0.000000 0.000000 0.000000 0.000000
92718 0.000000 0.000000 0.000000 0.000000
92719 0.000000 0.000000 0.000000 0.000000
92720 0.000000 0.000000 0.000000 0.000000
92721 0.000000 0.000000 0.000000 0.000000
92722 0.000000 0.000000 0.000000 0.000000
92723 0.000000 0.000000 0.000000 0.000000
92724 0.000000 0.000000 0.000000 0.000000
92725 0.000000 0.000000 0.000000 0.000000
92726 0.000000 0.000000 0.000000 0.000000
92727 0.000000 0.000000 0.000000 0.000000
92728 0.000000 0.000000 0.000000 0.000000
92729 0.000000 0.000000 0.000000 0.000000
92730 0.000000 0.000000 0.000000 0.000000
92731 0.000000 0.000000 0.000000 0.000000
92732 0.000000 0.000000 0.000000 0.000000
92733 0.000000 0.000000 0.000000 0.000000
92734 0.000000 0.000000 0.000000 0.000000
92735 0.000000 0.000000 0.000000 0.000000
92736 0.000000 0.000000 0.000000 0.000000
92737 0.000000 0.000000 0.000000 0.000000
92738 0.000000 0.000000 0.000000 0.000000
92739 0.000000 0.000000 0.000000 0.000000
92740 0.000000 0.000000 0.000000 0.000000
92741 0.000000 0.000000 0.000000 0.000000
92742 0.000000 0.000000 0.000000 0.000000
92743 0.000000 0.000000 0.000000 0.000000
92744 0.000000 0.000000 0.000000 0.000000
92745 0.000000 0.000000 0.000000 0.000000
92746 0.000000 0.000000 0.000000 0.000000
92747 0.000000 0.000000 0.000000 0.000000
92748 0.000000 0.000000 0.000000 0.000000
92749 0.000000 0.000000 0.000000 0.000000
92750 0.000000 0.000000 0.000000 0.000000
92751 0.000000 0.000000 0.000000 0.000000
92752 0.000000 0.000000 0.000000 0.000000
92753 0.000000 0.000000 0.000000 0.000000
92754 0.000000 0.000000 0.000000 0.000000
92755 0.000000 0.000000 0.000000 0.000000
92756 0.000000 0.000000 0.000000 0.000000
92757 0.000000 0.000000 0.000000 0.000000
92758 0.000000 0.000000 0.000000 0.000000
92759 0.000000 0.000000 0.000000 0.000000
92760 0.000000 0.000000 0.000000 0.000000
92761 0.000000 0.000000 0.000000 0.000000
92762 0.000000 0.000000 0.000000 0.000000
92763 0.000000 0.000000 0.000000 0.000000
92764 0.000000 0.000000 0.000000 0.000000
92765 0.000000 0.000000 0.000000 0.000000
92766 0.000000 0.000000 0.000000 0.000000
92767 0.000000 0.000000 0.000000 0.000000
92768 0.000000 0.000000 0.000000 0.000000
92769 0.000000 0.000000 0.000000 0.000000
92770 0.000000 0.000000 0.000000 0.000000
92771 0.000000 0.000000 0.000000 0.000000
92772 0.000000 0.000000 0.000000 0.000000
92773 0.000000 0.000000 0.000000 0.000000
92774 0.000000 0.000000 0.000000 0.000000
92775 0.000000 0.000000 0.000000 0.000000
92776 0.000000 0.000000 0.000000 0.000000
92777 0.000000 0.000000 0.000000 0.000000
92778 0.000000 0.000000 0.000000 0.000000
92779 0.000000 0.000000 0.000000 0.000000
92780 0.000000 0.000000 0.000000 0.000000
92781 0.000000 0.000000 0.000000 0.000000
92782 0.000000 0.000000 0.000000 0.000000
92783 0.000000 0.000000 0.000000 0.000000
92784 0.000000 0.000000 0.000000 0.000000
92785 0.000000 0.000000 0.000000 0.000000
92786 0.000000 0.000000 0.000000 0.000000
92787 0.000000 0.000000 0.000000 0.000000
92788 0.000000 0.000000 0.000000 0.000000
92789 0.000000 0.000000 0.000000 0.000000
92790 0.000000 0.000000 0.000000 0.000000
92791 0.000000 0.000000 0.000000 0.000000
92792 0.000000 0.000000 0.000000 0.000000
92793 0.000000 0.000000 0.000000 0.000000
92794 0.000000 0.000000 0.000000 0.000000
92795 0.000000 0.000000 0.000000 0.000000
92796 0.000000 0.000000 0.000000 0.000000
92797 0.000000 0.000000 0.000000 0.000000
92798 0.000000 0.000000 0.000000 0.000000
92799 0.000000 0.000000 0.000000 0.000000
92800 0.000000 0.000000 0.000000 0.000000
92801 0.000000 0.000000 0.000000 0.000000
92802 0.000000 0.000000 0.000000 0.000000
92803 0.000000 0.000000 0.000000 0.000000
92804 0.000000 0.000000 0.000000 0.000000
92805 0.000000 0.000000 0.000000 0.000000
92806 0.000000 0.000000 0.000000 0.000000
92807 0.000000 0.000000 0.000000 0.000000
92808 0.000000 0.000000 0.000000 0.000000
92809 0.000000 0.000000 0.000000 0.000000
92810 0.000000 0.000000 0.000000 0.000000
92811 0.000000 0.000000 0.000000 0.000000
92812 0.000000 0.000000 0.000000 0.000000
92813 0.000000 0.000000 0.000000 0.000000
92814 0.000000 0.000000 0.000000 0.000000
92815 0.000000 0.000000 0.000000 0.000000
92816 0.000000 0.000000 0.000000 0.000000
92817 0.000000 0.000000 0.000000 0.000000
92818 0.000000 0.000000 0.000000 0.000000
92819 0.000000 0.000000 0.000000 0.000000
92820 0.000000 0.000000 0.000000 0.000000
92821 0.000000 0.000000 0.000000 0.000000
92822 0.000000 0.000000 0.000000 0.000000
92823 0.000000 0.000000 0.000000 0.000000
92824 0.000000 0.000000 0.000000 0.000000
92825 0.000000 0.000000 0.000000 0.000000
92826 0.000000 0.000000 0.000000 0.000000
92827 0.000000 0.000000 0.000000 0.000000
92828 0.000000 0.000000 0.000000 0.000000
92829 0.000000 0.000000 0.000000 0.000000
92830 0.000000 0.000000 0.000000 0.000000
92831 0.000000 0.000000 0.000000 0.000000
92832 0.000000 0.000000 0.000000 0.000000
92833 0.000000 0.000000 0.000000 0.000000
92834 0.000000 0.000000 0.000000 0.000000
92835 0.000000 0.000000 0.000000 0.000000
92836 0.000000 0.000000 0.000000 0.000000
92837 0.000000 0.000000 0.000000 0.000000
92838 0.000000 0.000000 0.000000 0.000000
92839 0.000000 0.000000 0.000000 0.000000
92840 0.000000 0.000000 0.000000 0.000000
92841 0.000000 0.000000 0.000000 0.000000
92842 0.000000 0.000000 0.000000 0.000000
92843 0.000000 0.000000 0.000000 0.000000
92844 0.000000 0.000000 0.000000 0.000000
92845 0.000000 0.000000 0.000000 0.000000
92846 0.000000 0.000000 0.000000 0.000000
92847 0.000000 0.000000 0.000000 0.000000
92848 0.000000 0.000000 0.000000 0.000000
92849 0.000000 0.000000 0.000000 0.000000
92850 0.000000 0.000000 0.000000 0.000000
92851 0.000000 0.000000 0.000000 0.000000
92852 0.000000 0.000000 0.000000 0.000000
92853 0.000000 0.000000 0.000000 0.000000
92854 0.000000 0.000000 0.000000 0.000000
92855 0.000000 0.000000 0.000000 0.000000
92856 0.000000 0.000000 0.000000 0.000000
92857 0.000000 0.000000 0.000000 0.000000
92858 0.000000 0.000000 0.000000 0.000000
92859 0.000000 0.000000 0.000000 0.000000
92860 0.000000 0.000000 0.000000 0.000000
92861 0.000000 0.000000 0.000000 0.000000
92862 0.000000 0.000000 0.000000 0.000000
92863 0.000000 0.000000 0.000000 0.000000
92864 0.000000 0.000000 0.000000 0.000000
92865 0.000000 0.000000 0.000000 0.000000
92866 0.000000 0.000000 0.000000 0.000000
92867 0.000000 0.000000 0.000000 0.000000
92868 0.000000 0.000000 0.000000 0.000000
92869 0.000000 0.000000 0.000000 0.000000
92870 0.000000 0.000000 0.000000 0.000000
92871 0.000000 0.000000 0.000000 0.000000
92872 0.000000 0.000000 0.000000 0.000000
92873 0.000000 0.000000 0.000000 0.000000
92874 0.000000 0.000000 0.000000 0.000000
92875 0.000000 0.000000 0.000000 0.000000
92876 0.000000 0.000000 0.000000 0.000000
92877 0.000000 0.000000 0.000000 0.000000
92878 0.000000 0.000000 0.000000 0.000000
92879 0.000000 0.000000 0.000000 0.000000
92880 0.000000 0.000000 0.000000 0.000000
92881 0.000000 0.000000 0.000000 0.000000
92882 0.000000 0.000000 0.000000 0.000000
92883 0.000000 0.000000 0.000000 0.000000
92884 0.000000 0.000000 0.000000 0.000000
92885 0.000000 0.000000 0.000000 0.000000
92886 0.000000 0.000000 0.000000 0.000000
92887 0.000000 0.000000 0.000000 0.000000
92888 0.000000 0.000000 0.000000 0.000000
92889 0.000000 0.000000 0.000000 0.000000
92890 0.000000 0.000000 0.000000 0.000000
92891 0.000000 0.000000 0.000000 0.000000
92892 0.000000 0.000000 0.000000 0.000000
92893 0.000000 0.000000 0.000000 0.000000
92894 0.000000 0.000000 0.000000 0.000000
92895 0.000000 0.000000 0.000000 0.000000
92896 0.000000 0.000000 0.000000 0.000000
92897 0.000000 0.000000 0.000000 0.000000
92898 0.000000 0.000000 0.000000 0.000000
92899 0.000000 0.000000 0.000000 0.000000
92900 0.000000 0.000000 0.000000 0.000000
92901 0.000000 0.000000 0.000000 0.000000
92902 0.000000 0.000000 0.000000 0.000000
92903 0.000000 0.000000 0.000000 0.000000
92904 0.000000 0.000000 0.000000 0.000000
92905 0.000000 0.000000 0.000000 0.000000
92906 0.000000 0.000000 0.000000 0.000000
92907 0.000000 0.000000 0.000000 0.000000
92908 0.000000 0.000000 0.000000 0.000000
92909 0.000000 0.000000 0.000000 0.000000
92910 0.000000 0.000000 0.000000 0.000000
92911 0.000000 0.000000 0.000000 0.000000
92912 0.000000 0.000000 0.000000 0.000000
92913 0.000000 0.000000 0.000000 0.000000
92914 0.000000 0.000000 0.000000 0.000000
92915 0.000000 0.000000 0.000000 0.000000
92916 0.000000 0.000000 0.000000 0.000000
92917 0.000000 0.000000 0.000000 0.000000
92918 0.000000 0.000000 0.000000 0.000000
92919 0.000000 0.000000 0.000000 0.000000
92920 0.000000 0.000000 0.000000 0.000000
92921 0.000000 0.000000 0.000000 0.000000
92922 0.000000 0.000000 0.000000 0.000000
92923 0.000000 0.000000 0.000000 0.000000
92924 0.000000 0.000000 0.000000 0.000000
92925 0.000000 0.000000 0.000000 0.000000
92926 0.000000 0.000000 0.000000 0.000000
92927 0.000000 0.000000 0.000000 0.000000
92928 0.000000 0.000000 0.000000 0.000000
92929 0.000000 0.000000 0.000000 0.000000
92930 0.000000 0.000000 0.000000 0.000000
92931 0.000000 0.000000 0.000000 0.000000
92932 0.000000 0.000000 0.000000 0.000000
92933 0.000000 0.000000 0.000000 0.000000
92934 0.000000 0.000000 0.000000 0.000000
92935 0.000000 0.000000 0.000000 0.000000
92936 0.000000 0.000000 0.000000 0.000000
92937 0.000000 0.000000 0.000000 0.000000
92938 0.000000 0.000000 0.000000 0.000000
92939 0.000000 0.000000 0.000000 0.000000
92940 0.000000 0.000000 0.000000 0.000000
92941 0.000000 0.000000 0.000000 0.000000
92942 0.000000 0.000000 0.000000 0.000000
92943 0.000000 0.000000 0.000000 0.000000
92944 0.000000 0.000000 0.000000 0.000000
92945 0.000000 0.000000 0.000000 0.000000
92946 0.000000 0.000000 0.000000 0.000000
92947 0.000000 0.000000 0.000000 0.000000
92948 0.000000 0.000000 0.000000 0.000000
92949 0.000000 0.000000 0.000000 0.000000
92950 0.000000 0.000000 0.000000 0.000000
92951 0.000000 0.000000 0.000000 0.000000
92952 0.000000 0.000000 0.000000 0.000000
92953 0.000000 0.000000 0.000000 0.000000
92954 0.000000 0.000000 0.000000 0.000000
92955 0.000000 0.000000 0.000000 0.000000
92956 0.000000 0.000000 0.000000 0.000000
92957 0.000000 0.000000 0.000000 0.000000
92958 0.000000 0.000000 0.000000 0.000000
92959 0.000000 0.000000 0.000000 0.000000
92960 0.000000 0.000000 0.000000 0.000000
92961 0.000000 0.000000 0.000000 0.000000
92962 0.000000 0.000000 0.000000 0.000000
92963 0.000000 0.000000 0.000000 0.000000
92964 0.000000 0.000000 0.000000 0.000000
92965 0.000000 0.000000 0.000000 0.000000
92966 0.000000 0.000000 0.000000 0.000000
92967 0.000000 0.000000 0.000000 0.000000
92968 0.000000 0.000000 0.000000 0.000000
92969 0.000000 0.000000 0.000000 0.000000
92970 0.000000 0.000000 0.000000 0.000000
92971 0.000000 0.000000 0.000000 0.000000
92972 0.000000 0.000000 0.000000 0.000000
92973 0.000000 0.000000 0.000000 0.000000
92974 0.000000 0.000000 0.000000 0.000000
92975 0.000000 0.000000 0.000000 0.000000
92976 0.000000 0.000000 0.000000 0.000000
92977 0.000000 0.000000 0.000000 0.000000
92978 0.000000 0.000000 0.000000 0.000000
92979 0.000000 0.000000 0.000000 0.000000
92980 0.000000 0.000000 0.000000 0.000000
92981 0.000000 0.000000 0.000000 0.000000
92982 0.000000 0.000000 0.000000 0.000000
92983 0.000000 0.000000 0.000000 0.000000
92984 0.000000 0.000000 0.000000 0.000000
92985 0.000000 0.000000 0.000000 0.000000
92986 0.000000 0.000000 0.000000 0.000000
92987 0.000000 0.000000 0.000000 0.000000
92988 0.000000 0.000000 0.000000 0.000000
92989 0.000000 0.000000 0.000000 0.000000
92990 0.000000 0.000000 0.000000 0.000000
92991 0.000000 0.000000 0.000000 0.000000
92992 0.000000 0.000000 0.000000 0.000000
92993 0.000000 0.000000 0.000000 0.000000
92994 0.000000 0.000000 0.000000 0.000000
92995 0.000000 0.000000 0.000000 0.000000
92996 0.000000 0.000000 0.000000 0.000000
92997 0.000000 0.000000 0.000000 0.000000
92998 0.000000 0.000000 0.000000 0.000000
92999 0.000000 0.000000 0.000000 0.000000
93000 0.000000 0.000000 0.000000 0.000000
93001 0.000000 0.000000 0.000000 0.000000
93002 0.000000 0.000000 0.000000 0.000000
93003 0.000000 0.000000 0.000000 0.000000
93004 0.000000 0.000000 0.000000 0.000000
93005 0.000000 0.000000 0.000000 0.000000
93006 0.000000 0.000000 0.000000 0.000000
93007 0.000000 0.000000 0.000000 0.000000
93008 0.000000 0.000000 0.000000 0.000000
93009 0.000000 0.000000 0.000000 0.000000
93010 0.000000 0.000000 0.000000 0.000000
93011 0.000000 0.000000 0.000000 0.000000
93012 0.000000 0.000000 0.000000 0.000000
93013 0.000000 0.000000 0.000000 0.000000
93014 0.000000 0.000000 0.000000 0.000000
93015 0.000000 0.000000 0.000000 0.000000
93016 0.000000 0.000000 0.000000 0.000000
93017 0.000000 0.000000 0.000000 0.000000
93018 0.000000 0.000000 0.000000 0.000000
93019 0.000000 0.000000 0.000000 0.000000
93020 0.000000 0.000000 0.000000 0.000000
93021 0.000000 0.000000 0.000000 0.000000
93022 0.000000 0.000000 0.000000 0.000000
93023 0.000000 0.000000 0.000000 0.000000
93024 0.000000 0.000000 0.000000 0.000000
93025 0.000000 0.000000 0.000000 0.000000
93026 0.000000 0.000000 0.000000 0.000000
93027 0.000000 0.000000 0.000000 0.000000
93028 0.000000 0.000000 0.000000 0.000000
93029 0.000000 0.000000 0.000000 0.000000
93030 0.000000 0.000000 0.000000 0.000000
93031 0.000000 0.000000 0.000000 0.000000
93032 0.000000 0.000000 0.000000 0.000000
93033 0.000000 0.000000 0.000000 0.000000
93034 0.000000 0.000000 0.000000 0.000000
93035 0.000000 0.000000 0.000000 0.000000
93036 0.000000 0.000000 0.000000 0.000000
93037 0.000000 0.000000 0.000000 0.000000
93038 0.000000 0.000000 0.000000 0.000000
93039 0.000000 0.000000 0.000000 0.000000
93040 0.000000 0.000000 0.000000 0.000000
93041 0.000000 0.000000 0.000000 0.000000
93042 0.000000 0.000000 0.000000 0.000000
93043 0.000000 0.000000 0.000000 0.000000
93044 0.000000 0.000000 0.000000 0.000000
93045 0.000000 0.000000 0.000000 0.000000
93046 0.000000 0.000000 0.000000 0.000000
93047 0.000000 0.000000 0.000000 0.000000
93048 0.000000 0.000000 0.000000 0.000000
93049 0.000000 0.000000 0.000000 0.000000
93050 0.000000 0.000000 0.000000 0.000000
93051 0.000000 0.000000 0.000000 0.000000
93052 0.000000 0.000000 0.000000 0.000000
93053 0.000000 0.000000 0.000000 0.000000
93054 0.000000 0.000000 0.000000 0.000000
93055 0.000000 0.000000 0.000000 0.000000
93056 0.000000 0.000000 0.000000 0.000000
93057 0.000000 0.000000 0.000000 0.000000
93058 0.000000 0.000000 0.000000 0.000000
93059 0.000000 0.000000 0.000000 0.000000
93060 0.000000 0.000000 0.000000 0.000000
93061 0.000000 0.000000 0.000000 0.000000
93062 0.000000 0.000000 0.000000 0.000000
93063 0.000000 0.000000 0.000000 0.000000
93064 0.000000 0.000000 0.000000 0.000000
93065 0.000000 0.000000 0.000000 0.000000
93066 0.000000 0.000000 0.000000 0.000000
93067 0.000000 0.000000 0.000000 0.000000
93068 0.000000 0.000000 0.000000 0.000000
93069 0.000000 0.000000 0.000000 0.000000
93070 0.000000 0.000000 0.000000 0.000000
93071 0.000000 0.000000 0.000000 0.000000
93072 0.000000 0.000000 0.000000 0.000000
93073 0.000000 0.000000 0.000000 0.000000
93074 0.000000 0.000000 0.000000 0.000000
93075 0.000000 0.000000 0.000000 0.000000
93076 0.000000 0.000000 0.000000 0.000000
93077 0.000000 0.000000 0.000000 0.000000
93078 0.000000 0.000000 0.000000 0.000000
93079 0.000000 0.000000 0.000000 0.000000
93080 0.000000 0.000000 0.000000 0.000000
93081 0.000000 0.000000 0.000000 0.000000
93082 0.000000 0.000000 0.000000 0.000000
93083 0.000000 0.000000 0.000000 0.000000
93084 0.000000 0.000000 0.000000 0.000000
93085 0.000000 0.000000 0.000000 0.000000
93086 0.000000 0.000000 0.000000 0.000000
93087 0.000000 0.000000 0.000000 0.000000
93088 0.000000 0.000000 0.000000 0.000000
93089 0.000000 0.000000 0.000000 0.000000
93090 0.000000 0.000000 0.000000 0.000000
93091 0.000000 0.000000 0.000000 0.000000
93092 0.000000 0.000000 0.000000 0.000000
93093 0.000000 0.000000 0.000000 0.000000
93094 0.000000 0.000000 0.000000 0.000000
93095 0.000000 0.000000 0.000000 0.000000
93096 0.000000 0.000000 0.000000 0.000000
93097 0.000000 0.000000 0.000000 0.000000
93098 0.000000 0.000000 0.000000 0.000000
93099 0.000000 0.000000 0.000000 0.000000
93100 0.000000 0.000000 0.000000 0.000000
93101 0.000000 0.000000 0.000000 0.000000
93102 0.000000 0.000000 0.000000 0.000000
93103 0.000000 0.000000 0.000000 0.000000
93104 0.000000 0.000000 0.000000 0.000000
93105 0.000000 0.000000 0.000000 0.000000
93106 0.000000 0.000000 0.000000 0.000000
93107 0.000000 0.000000 0.000000 0.000000
93108 0.000000 0.000000 0.000000 0.000000
93109 0.000000 0.000000 0.000000 0.000000
93110 0.000000 0.000000 0.000000 0.000000
93111 0.000000 0.000000 0.000000 0.000000
93112 0.000000 0.000000 0.000000 0.000000
93113 0.000000 0.000000 0.000000 0.000000
93114 0.000000 0.000000 0.000000 0.000000
93115 0.000000 0.000000 0.000000 0.000000
93116 0.000000 0.000000 0.000000 0.000000
93117 0.000000 0.000000 0.000000 0.000000
93118 0.000000 0.000000 0.000000 0.000000
93119 0.000000 0.000000 0.000000 0.000000
93120 0.000000 0.000000 0.000000 0.000000
93121 0.000000 0.000000 0.000000 0.000000
93122 0.000000 0.000000 0.000000 0.000000
93123 0.000000 0.000000 0.000000 0.000000
93124 0.000000 0.000000 0.000000 0.000000
93125 0.000000 0.000000 0.000000 0.000000
93126 0.000000 0.000000 0.000000 0.000000
93127 0.000000 0.000000 0.000000 0.000000
93128 0.000000 0.000000 0.000000 0.000000
93129 0.000000 0.000000 0.000000 0.000000
93130 0.000000 0.000000 0.000000 0.000000
93131 0.000000 0.000000 0.000000 0.000000
93132 0.000000 0.000000 0.000000 0.000000
93133 0.000000 0.000000 0.000000 0.000000
93134 0.000000 0.000000 0.000000 0.000000
93135 0.000000 0.000000 0.000000 0.000000
93136 0.000000 0.000000 0.000000 0.000000
93137 0.000000 0.000000 0.000000 0.000000
93138 0.000000 0.000000 0.000000 0.000000
93139 0.000000 0.000000 0.000000 0.000000
93140 0.000000 0.000000 0.000000 0.000000
93141 0.000000 0.000000 0.000000 0.000000
93142 0.000000 0.000000 0.000000 0.000000
93143 0.000000 0.000000 0.000000 0.000000
93144 0.000000 0.000000 0.000000 0.000000
93145 0.000000 0.000000 0.000000 0.000000
93146 0.000000 0.000000 0.000000 0.000000
93147 0.000000 0.000000 0.000000 0.000000
93148 0.000000 0.000000 0.000000 0.000000
93149 0.000000 0.000000 0.000000 0.000000
93150 0.000000 0.000000 0.000000 0.000000
93151 0.000000 0.000000 0.000000 0.000000
93152 0.000000 0.000000 0.000000 0.000000
93153 0.000000 0.000000 0.000000 0.000000
93154 0.000000 0.000000 0.000000 0.000000
93155 0.000000 0.000000 0.000000 0.000000
93156 0.000000 0.000000 0.000000 0.000000
93157 0.000000 0.000000 0.000000 0.000000
93158 0.000000 0.000000 0.000000 0.000000
93159 0.000000 0.000000 0.000000 0.000000
93160 0.000000 0.000000 0.000000 0.000000
93161 0.000000 0.000000 0.000000 0.000000
93162 0.000000 0.000000 0.000000 0.000000
93163 0.000000 0.000000 0.000000 0.000000
93164 0.000000 0.000000 0.000000 0.000000
93165 0.000000 0.000000 0.000000 0.000000
93166 0.000000 0.000000 0.000000 0.000000
93167 0.000000 0.000000 0.000000 0.000000
93168 0.000000 0.000000 0.000000 0.000000
93169 0.000000 0.000000 0.000000 0.000000
93170 0.000000 0.000000 0.000000 0.000000
93171 0.000000 0.000000 0.000000 0.000000
93172 0.000000 0.000000 0.000000 0.000000
93173 0.000000 0.000000 0.000000 0.000000
93174 0.000000 0.000000 0.000000 0.000000
93175 0.000000 0.000000 0.000000 0.000000
93176 0.000000 0.000000 0.000000 0.000000
93177 0.000000 0.000000 0.000000 0.000000
93178 0.000000 0.000000 0.000000 0.000000
93179 0.000000 0.000000 0.000000 0.000000
93180 0.000000 0.000000 0.000000 0.000000
93181 0.000000 0.000000 0.000000 0.000000
93182 0.000000 0.000000 0.000000 0.000000
93183 0.000000 0.000000 0.000000 0.000000
93184 0.000000 0.000000 0.000000 0.000000
93185 0.000000 0.000000 0.000000 0.000000
93186 0.000000 0.000000 0.000000 0.000000
93187 0.000000 0.000000 0.000000 0.000000
93188 0.000000 0.000000 0.000000 0.000000
93189 0.000000 0.000000 0.000000 0.000000
93190 0.000000 0.000000 0.000000 0.000000
93191 0.000000 0.000000 0.000000 0.000000
93192 0.000000 0.000000 0.000000 0.000000
93193 0.000000 0.000000 0.000000 0.000000
93194 0.000000 0.000000 0.000000 0.000000
93195 0.000000 0.000000 0.000000 0.000000
93196 0.000000 0.000000 0.000000 0.000000
93197 0.000000 0.000000 0.000000 0.000000
93198 0.000000 0.000000 0.000000 0.000000
93199 0.000000 0.000000 0.000000 0.000000
93200 0.000000 0.000000 0.000000 0.000000
93201 0.000000 0.000000 0.000000 0.000000
93202 0.000000 0.000000 0.000000 0.000000
93203 0.000000 0.000000 0.000000 0.000000
93204 0.000000 0.000000 0.000000 0.000000
93205 0.000000 0.000000 0.000000 0.000000
93206 0.000000 0.000000 0.000000 0.000000
93207 0.000000 0.000000 0.000000 0.000000
93208 0.000000 0.000000 0.000000 0.000000
93209 0.000000 0.000000 0.000000 0.000000
93210 0.000000 0.000000 0.000000 0.000000
93211 0.000000 0.000000 0.000000 0.000000
93212 0.000000 0.000000 0.000000 0.000000
93213 0.000000 0.000000 0.000000 0.000000
93214 0.000000 0.000000 0.000000 0.000000
93215 0.000000 0.000000 0.000000 0.000000
93216 0.000000 0.000000 0.000000 0.000000
93217 0.000000 0.000000 0.000000 0.000000
93218 0.000000 0.000000 0.000000 0.000000
93219 0.000000 0.000000 0.000000 0.000000
93220 0.000000 0.000000 0.000000 0.000000
93221 0.000000 0.000000 0.000000 0.000000
93222 0.000000 0.000000 0.000000 0.000000
93223 0.000000 0.000000 0.000000 0.000000
93224 0.000000 0.000000 0.000000 0.000000
93225 0.000000 0.000000 0.000000 0.000000
93226 0.000000 0.000000 0.000000 0.000000
93227 0.000000 0.000000 0.000000 0.000000
93228 0.000000 0.000000 0.000000 0.000000
93229 0.000000 0.000000 0.000000 0.000000
93230 0.000000 0.000000 0.000000 0.000000
93231 0.000000 0.000000 0.000000 0.000000
93232 0.000000 0.000000 0.000000 0.000000
93233 0.000000 0.000000 0.000000 0.000000
93234 0.000000 0.000000 0.000000 0.000000
93235 0.000000 0.000000 0.000000 0.000000
93236 0.000000 0.000000 0.000000 0.000000
93237 0.000000 0.000000 0.000000 0.000000
93238 0.000000 0.000000 0.000000 0.000000
93239 0.000000 0.000000 0.000000 0.000000
93240 0.000000 0.000000 0.000000 0.000000
93241 0.000000 0.000000 0.000000 0.000000
93242 0.000000 0.000000 0.000000 0.000000
93243 0.000000 0.000000 0.000000 0.000000
93244 0.000000 0.000000 0.000000 0.000000
93245 0.000000 0.000000 0.000000 0.000000
93246 0.000000 0.000000 0.000000 0.000000
93247 0.000000 0.000000 0.000000 0.000000
93248 0.000000 0.000000 0.000000 0.000000
93249 0.000000 0.000000 0.000000 0.000000
93250 0.000000 0.000000 0.000000 0.000000
93251 0.000000 0.000000 0.000000 0.000000
93252 0.000000 0.000000 0.000000 0.000000
93253 0.000000 0.000000 0.000000 0.000000
93254 0.000000 0.000000 0.000000 0.000000
93255 0.000000 0.000000 0.000000 0.000000
93256 0.000000 0.000000 0.000000 0.000000
93257 0.000000 0.000000 0.000000 0.000000
93258 0.000000 0.000000 0.000000 0.000000
93259 0.000000 0.000000 0.000000 0.000000
93260 0.000000 0.000000 0.000000 0.000000
93261 0.000000 0.000000 0.000000 0.000000
93262 0.000000 0.000000 0.000000 0.000000
93263 0.000000 0.000000 0.000000 0.000000
93264 0.000000 0.000000 0.000000 0.000000
93265 0.000000 0.000000 0.000000 0.000000
93266 0.000000 0.000000 0.000000 0.000000
93267 0.000000 0.000000 0.000000 0.000000
93268 0.000000 0.000000 0.000000 0.000000
93269 0.000000 0.000000 0.000000 0.000000
93270 0.000000 0.000000 0.000000 0.000000
93271 0.000000 0.000000 0.000000 0.000000
93272 0.000000 0.000000 0.000000 0.000000
93273 0.000000 0.000000 0.000000 0.000000
93274 0.000000 0.000000 0.000000 0.000000
93275 0.000000 0.000000 0.000000 0.000000
93276 0.000000 0.000000 0.000000 0.000000
93277 0.000000 0.000000 0.000000 0.000000
93278 0.000000 0.000000 0.000000 0.000000
93279 0.000000 0.000000 0.000000 0.000000
93280 0.000000 0.000000 0.000000 0.000000
93281 0.000000 0.000000 0.000000 0.000000
93282 0.000000 0.000000 0.000000 0.000000
93283 0.000000 0.000000 0.000000 0.000000
93284 0.000000 0.000000 0.000000 0.000000
93285 0.000000 0.000000 0.000000 0.000000
93286 0.000000 0.000000 0.000000 0.000000
93287 0.000000 0.000000 0.000000 0.000000
93288 0.000000 0.000000 0.000000 0.000000
93289 0.000000 0.000000 0.000000 0.000000
93290 0.000000 0.000000 0.000000 0.000000
93291 0.000000 0.000000 0.000000 0.000000
93292 0.000000 0.000000 0.000000 0.000000
93293 0.000000 0.000000 0.000000 0.000000
93294 0.000000 0.000000 0.000000 0.000000
93295 0.000000 0.000000 0.000000 0.000000
93296 0.000000 0.000000 0.000000 0.000000
93297 0.000000 0.000000 0.000000 0.000000
93298 0.000000 0.000000 0.000000 0.000000
93299 0.000000 0.000000 0.000000 0.000000
93300 0.000000 0.000000 0.000000 0.000000
93301 0.000000 0.000000 0.000000 0.000000
93302 0.000000 0.000000 0.000000 0.000000
93303 0.000000 0.000000 0.000000 0.000000
93304 0.000000 0.000000 0.000000 0.000000
93305 0.000000 0.000000 0.000000 0.000000
93306 0.000000 0.000000 0.000000 0.000000
93307 0.000000 0.000000 0.000000 0.000000
