#!ascii label, from subject  
1010
93308 0.000000 0.000000 0.000000 0.000000
93309 0.000000 0.000000 0.000000 0.000000
93310 0.000000 0.000000 0.000000 0.000000
93311 0.000000 0.000000 0.000000 0.000000
93312 0.000000 0.000000 0.000000 0.000000
93313 0.000000 0.000000 0.000000 0.000000
93314 0.000000 0.000000 0.000000 0.000000
93315 0.000000 0.000000 0.000000 0.000000
93316 0.000000 0.000000 0.000000 0.000000
93317 0.000000 0.000000 0.000000 0.000000
93318 0.000000 0.000000 0.000000 0.000000
93319 0.000000 0.000000 0.000000 0.000000
93320 0.000000 0.000000 0.000000 0.000000
93321 0.000000 0.000000 0.000000 0.000000
93322 0.000000 0.000000 0.000000 0.000000
93323 0.000000 0.000000 0.000000 0.000000
93324 0.000000 0.000000 0.000000 0.000000
93325 0.000000 0.000000 0.000000 0.000000
93326 0.000000 0.000000 0.000000 0.000000
93327 0.000000 0.000000 0.000000 0.000000
93328 0.000000 0.000000 0.000000 0.000000
93329 0.000000 0.000000 0.000000 0.000000
93330 0.000000 0.000000 0.000000 0.000000
93331 0.000000 0.000000 0.000000 0.000000
93332 0.000000 0.000000 0.000000 0.000000
93333 0.000000 0.000000 0.000000 0.000000
93334 0.000000 0.000000 0.000000 0.000000
93335 0.000000 0.000000 0.000000 0.000000
93336 0.000000 0.000000 0.000000 0.000000
93337 0.000000 0.000000 0.000000 0.000000
93338 0.000000 0.000000 0.000000 0.000000
93339 0.000000 0.000000 0.000000 0.000000
93340 0.000000 0.000000 0.000000 0.000000
93341 0.000000 0.000000 0.000000 0.000000
93342 0.000000 0.000000 0.000000 0.000000
93343 0.000000 0.000000 0.000000 0.000000
93344 0.000000 0.000000 0.000000 0.000000
93345 0.000000 0.000000 0.000000 0.000000
93346 0.000000 0.000000 0.000000 0.000000
93347 0.000000 0.000000 0.000000 0.000000
93348 0.000000 0.000000 0.000000 0.000000
93349 0.000000 0.000000 0.000000 0.000000
93350 0.000000 0.000000 0.000000 0.000000
93351 0.000000 0.000000 0.000000 0.000000
93352 0.000000 0.000000 0.000000 0.000000
93353 0.000000 0.000000 0.000000 0.000000
93354 0.000000 0.000000 0.000000 0.000000
93355 0.000000 0.000000 0.000000 0.000000
93356 0.000000 0.000000 0.000000 0.000000
93357 0.000000 0.000000 0.000000 0.000000
93358 0.000000 0.000000 0.000000 0.000000
93359 0.000000 0.000000 0.000000 0.000000
93360 0.000000 0.000000 0.000000 0.000000
93361 0.000000 0.000000 0.000000 0.000000
93362 0.000000 0.000000 0.000000 0.000000
93363 0.000000 0.000000 0.000000 0.000000
93364 0.000000 0.000000 0.000000 0.000000
93365 0.000000 0.000000 0.000000 0.000000
93366 0.000000 0.000000 0.000000 0.000000
93367 0.000000 0.000000 0.000000 0.000000
93368 0.000000 0.000000 0.000000 0.000000
93369 0.000000 0.000000 0.000000 0.000000
93370 0.000000 0.000000 0.000000 0.000000
93371 0.000000 0.000000 0.000000 0.000000
93372 0.000000 0.000000 0.000000 0.000000
93373 0.000000 0.000000 0.000000 0.000000
93374 0.000000 0.000000 0.000000 0.000000
93375 0.000000 0.000000 0.000000 0.000000
93376 0.000000 0.000000 0.000000 0.000000
93377 0.000000 0.000000 0.000000 0.000000
93378 0.000000 0.000000 0.000000 0.000000
93379 0.000000 0.000000 0.000000 0.000000
93380 0.000000 0.000000 0.000000 0.000000
93381 0.000000 0.000000 0.000000 0.000000
93382 0.000000 0.000000 0.000000 0.000000
93383 0.000000 0.000000 0.000000 0.000000
93384 0.000000 0.000000 0.000000 0.000000
93385 0.000000 0.000000 0.000000 0.000000
93386 0.000000 0.000000 0.000000 0.000000
93387 0.000000 0.000000 0.000000 0.000000
93388 0.000000 0.000000 0.000000 0.000000
93389 0.000000 0.000000 0.000000 0.000000
93390 0.000000 0.000000 0.000000 0.000000
93391 0.000000 0.000000 0.000000 0.000000
93392 0.000000 0.000000 0.000000 0.000000
93393 0.000000 0.000000 0.000000 0.000000
93394 0.000000 0.000000 0.000000 0.000000
93395 0.000000 0.000000 0.000000 0.000000
93396 0.000000 0.000000 0.000000 0.000000
93397 0.000000 0.000000 0.000000 0.000000
93398 0.000000 0.000000 0.000000 0.000000
93399 0.000000 0.000000 0.000000 0.000000
93400 0.000000 0.000000 0.000000 0.000000
93401 0.000000 0.000000 0.000000 0.000000
93402 0.000000 0.000000 0.000000 0.000000
93403 0.000000 0.000000 0.000000 0.000000
93404 0.000000 0.000000 0.000000 0.000000
93405 0.000000 0.000000 0.000000 0.000000
93406 0.000000 0.000000 0.000000 0.000000
93407 0.000000 0.000000 0.000000 0.000000
93408 0.000000 0.000000 0.000000 0.000000
93409 0.000000 0.000000 0.000000 0.000000
93410 0.000000 0.000000 0.000000 0.000000
93411 0.000000 0.000000 0.000000 0.000000
93412 0.000000 0.000000 0.000000 0.000000
93413 0.000000 0.000000 0.000000 0.000000
93414 0.000000 0.000000 0.000000 0.000000
93415 0.000000 0.000000 0.000000 0.000000
93416 0.000000 0.000000 0.000000 0.000000
93417 0.000000 0.000000 0.000000 0.000000
93418 0.000000 0.000000 0.000000 0.000000
93419 0.000000 0.000000 0.000000 0.000000
93420 0.000000 0.000000 0.000000 0.000000
93421 0.000000 0.000000 0.000000 0.000000
93422 0.000000 0.000000 0.000000 0.000000
93423 0.000000 0.000000 0.000000 0.000000
93424 0.000000 0.000000 0.000000 0.000000
93425 0.000000 0.000000 0.000000 0.000000
93426 0.000000 0.000000 0.000000 0.000000
93427 0.000000 0.000000 0.000000 0.000000
93428 0.000000 0.000000 0.000000 0.000000
93429 0.000000 0.000000 0.000000 0.000000
93430 0.000000 0.000000 0.000000 0.000000
93431 0.000000 0.000000 0.000000 0.000000
93432 0.000000 0.000000 0.000000 0.000000
93433 0.000000 0.000000 0.000000 0.000000
93434 0.000000 0.000000 0.000000 0.000000
93435 0.000000 0.000000 0.000000 0.000000
93436 0.000000 0.000000 0.000000 0.000000
93437 0.000000 0.000000 0.000000 0.000000
93438 0.000000 0.000000 0.000000 0.000000
93439 0.000000 0.000000 0.000000 0.000000
93440 0.000000 0.000000 0.000000 0.000000
93441 0.000000 0.000000 0.000000 0.000000
93442 0.000000 0.000000 0.000000 0.000000
93443 0.000000 0.000000 0.000000 0.000000
93444 0.000000 0.000000 0.000000 0.000000
93445 0.000000 0.000000 0.000000 0.000000
93446 0.000000 0.000000 0.000000 0.000000
93447 0.000000 0.000000 0.000000 0.000000
93448 0.000000 0.000000 0.000000 0.000000
93449 0.000000 0.000000 0.000000 0.000000
93450 0.000000 0.000000 0.000000 0.000000
93451 0.000000 0.000000 0.000000 0.000000
93452 0.000000 0.000000 0.000000 0.000000
93453 0.000000 0.000000 0.000000 0.000000
93454 0.000000 0.000000 0.000000 0.000000
93455 0.000000 0.000000 0.000000 0.000000
93456 0.000000 0.000000 0.000000 0.000000
93457 0.000000 0.000000 0.000000 0.000000
93458 0.000000 0.000000 0.000000 0.000000
93459 0.000000 0.000000 0.000000 0.000000
93460 0.000000 0.000000 0.000000 0.000000
93461 0.000000 0.000000 0.000000 0.000000
93462 0.000000 0.000000 0.000000 0.000000
93463 0.000000 0.000000 0.000000 0.000000
93464 0.000000 0.000000 0.000000 0.000000
93465 0.000000 0.000000 0.000000 0.000000
93466 0.000000 0.000000 0.000000 0.000000
93467 0.000000 0.000000 0.000000 0.000000
93468 0.000000 0.000000 0.000000 0.000000
93469 0.000000 0.000000 0.000000 0.000000
93470 0.000000 0.000000 0.000000 0.000000
93471 0.000000 0.000000 0.000000 0.000000
93472 0.000000 0.000000 0.000000 0.000000
93473 0.000000 0.000000 0.000000 0.000000
93474 0.000000 0.000000 0.000000 0.000000
93475 0.000000 0.000000 0.000000 0.000000
93476 0.000000 0.000000 0.000000 0.000000
93477 0.000000 0.000000 0.000000 0.000000
93478 0.000000 0.000000 0.000000 0.000000
93479 0.000000 0.000000 0.000000 0.000000
93480 0.000000 0.000000 0.000000 0.000000
93481 0.000000 0.000000 0.000000 0.000000
93482 0.000000 0.000000 0.000000 0.000000
93483 0.000000 0.000000 0.000000 0.000000
93484 0.000000 0.000000 0.000000 0.000000
93485 0.000000 0.000000 0.000000 0.000000
93486 0.000000 0.000000 0.000000 0.000000
93487 0.000000 0.000000 0.000000 0.000000
93488 0.000000 0.000000 0.000000 0.000000
93489 0.000000 0.000000 0.000000 0.000000
93490 0.000000 0.000000 0.000000 0.000000
93491 0.000000 0.000000 0.000000 0.000000
93492 0.000000 0.000000 0.000000 0.000000
93493 0.000000 0.000000 0.000000 0.000000
93494 0.000000 0.000000 0.000000 0.000000
93495 0.000000 0.000000 0.000000 0.000000
93496 0.000000 0.000000 0.000000 0.000000
93497 0.000000 0.000000 0.000000 0.000000
93498 0.000000 0.000000 0.000000 0.000000
93499 0.000000 0.000000 0.000000 0.000000
93500 0.000000 0.000000 0.000000 0.000000
93501 0.000000 0.000000 0.000000 0.000000
93502 0.000000 0.000000 0.000000 0.000000
93503 0.000000 0.000000 0.000000 0.000000
93504 0.000000 0.000000 0.000000 0.000000
93505 0.000000 0.000000 0.000000 0.000000
93506 0.000000 0.000000 0.000000 0.000000
93507 0.000000 0.000000 0.000000 0.000000
93508 0.000000 0.000000 0.000000 0.000000
93509 0.000000 0.000000 0.000000 0.000000
93510 0.000000 0.000000 0.000000 0.000000
93511 0.000000 0.000000 0.000000 0.000000
93512 0.000000 0.000000 0.000000 0.000000
93513 0.000000 0.000000 0.000000 0.000000
93514 0.000000 0.000000 0.000000 0.000000
93515 0.000000 0.000000 0.000000 0.000000
93516 0.000000 0.000000 0.000000 0.000000
93517 0.000000 0.000000 0.000000 0.000000
93518 0.000000 0.000000 0.000000 0.000000
93519 0.000000 0.000000 0.000000 0.000000
93520 0.000000 0.000000 0.000000 0.000000
93521 0.000000 0.000000 0.000000 0.000000
93522 0.000000 0.000000 0.000000 0.000000
93523 0.000000 0.000000 0.000000 0.000000
93524 0.000000 0.000000 0.000000 0.000000
93525 0.000000 0.000000 0.000000 0.000000
93526 0.000000 0.000000 0.000000 0.000000
93527 0.000000 0.000000 0.000000 0.000000
93528 0.000000 0.000000 0.000000 0.000000
93529 0.000000 0.000000 0.000000 0.000000
93530 0.000000 0.000000 0.000000 0.000000
93531 0.000000 0.000000 0.000000 0.000000
93532 0.000000 0.000000 0.000000 0.000000
93533 0.000000 0.000000 0.000000 0.000000
93534 0.000000 0.000000 0.000000 0.000000
93535 0.000000 0.000000 0.000000 0.000000
93536 0.000000 0.000000 0.000000 0.000000
93537 0.000000 0.000000 0.000000 0.000000
93538 0.000000 0.000000 0.000000 0.000000
93539 0.000000 0.000000 0.000000 0.000000
93540 0.000000 0.000000 0.000000 0.000000
93541 0.000000 0.000000 0.000000 0.000000
93542 0.000000 0.000000 0.000000 0.000000
93543 0.000000 0.000000 0.000000 0.000000
93544 0.000000 0.000000 0.000000 0.000000
93545 0.000000 0.000000 0.000000 0.000000
93546 0.000000 0.000000 0.000000 0.000000
93547 0.000000 0.000000 0.000000 0.000000
93548 0.000000 0.000000 0.000000 0.000000
93549 0.000000 0.000000 0.000000 0.000000
93550 0.000000 0.000000 0.000000 0.000000
93551 0.000000 0.000000 0.000000 0.000000
93552 0.000000 0.000000 0.000000 0.000000
93553 0.000000 0.000000 0.000000 0.000000
93554 0.000000 0.000000 0.000000 0.000000
93555 0.000000 0.000000 0.000000 0.000000
93556 0.000000 0.000000 0.000000 0.000000
93557 0.000000 0.000000 0.000000 0.000000
93558 0.000000 0.000000 0.000000 0.000000
93559 0.000000 0.000000 0.000000 0.000000
93560 0.000000 0.000000 0.000000 0.000000
93561 0.000000 0.000000 0.000000 0.000000
93562 0.000000 0.000000 0.000000 0.000000
93563 0.000000 0.000000 0.000000 0.000000
93564 0.000000 0.000000 0.000000 0.000000
93565 0.000000 0.000000 0.000000 0.000000
93566 0.000000 0.000000 0.000000 0.000000
93567 0.000000 0.000000 0.000000 0.000000
93568 0.000000 0.000000 0.000000 0.000000
93569 0.000000 0.000000 0.000000 0.000000
93570 0.000000 0.000000 0.000000 0.000000
93571 0.000000 0.000000 0.000000 0.000000
93572 0.000000 0.000000 0.000000 0.000000
93573 0.000000 0.000000 0.000000 0.000000
93574 0.000000 0.000000 0.000000 0.000000
93575 0.000000 0.000000 0.000000 0.000000
93576 0.000000 0.000000 0.000000 0.000000
93577 0.000000 0.000000 0.000000 0.000000
93578 0.000000 0.000000 0.000000 0.000000
93579 0.000000 0.000000 0.000000 0.000000
93580 0.000000 0.000000 0.000000 0.000000
93581 0.000000 0.000000 0.000000 0.000000
93582 0.000000 0.000000 0.000000 0.000000
93583 0.000000 0.000000 0.000000 0.000000
93584 0.000000 0.000000 0.000000 0.000000
93585 0.000000 0.000000 0.000000 0.000000
93586 0.000000 0.000000 0.000000 0.000000
93587 0.000000 0.000000 0.000000 0.000000
93588 0.000000 0.000000 0.000000 0.000000
93589 0.000000 0.000000 0.000000 0.000000
93590 0.000000 0.000000 0.000000 0.000000
93591 0.000000 0.000000 0.000000 0.000000
93592 0.000000 0.000000 0.000000 0.000000
93593 0.000000 0.000000 0.000000 0.000000
93594 0.000000 0.000000 0.000000 0.000000
93595 0.000000 0.000000 0.000000 0.000000
93596 0.000000 0.000000 0.000000 0.000000
93597 0.000000 0.000000 0.000000 0.000000
93598 0.000000 0.000000 0.000000 0.000000
93599 0.000000 0.000000 0.000000 0.000000
93600 0.000000 0.000000 0.000000 0.000000
93601 0.000000 0.000000 0.000000 0.000000
93602 0.000000 0.000000 0.000000 0.000000
93603 0.000000 0.000000 0.000000 0.000000
93604 0.000000 0.000000 0.000000 0.000000
93605 0.000000 0.000000 0.000000 0.000000
93606 0.000000 0.000000 0.000000 0.000000
93607 0.000000 0.000000 0.000000 0.000000
93608 0.000000 0.000000 0.000000 0.000000
93609 0.000000 0.000000 0.000000 0.000000
93610 0.000000 0.000000 0.000000 0.000000
93611 0.000000 0.000000 0.000000 0.000000
93612 0.000000 0.000000 0.000000 0.000000
93613 0.000000 0.000000 0.000000 0.000000
93614 0.000000 0.000000 0.000000 0.000000
93615 0.000000 0.000000 0.000000 0.000000
93616 0.000000 0.000000 0.000000 0.000000
93617 0.000000 0.000000 0.000000 0.000000
93618 0.000000 0.000000 0.000000 0.000000
93619 0.000000 0.000000 0.000000 0.000000
93620 0.000000 0.000000 0.000000 0.000000
93621 0.000000 0.000000 0.000000 0.000000
93622 0.000000 0.000000 0.000000 0.000000
93623 0.000000 0.000000 0.000000 0.000000
93624 0.000000 0.000000 0.000000 0.000000
93625 0.000000 0.000000 0.000000 0.000000
93626 0.000000 0.000000 0.000000 0.000000
93627 0.000000 0.000000 0.000000 0.000000
93628 0.000000 0.000000 0.000000 0.000000
93629 0.000000 0.000000 0.000000 0.000000
93630 0.000000 0.000000 0.000000 0.000000
93631 0.000000 0.000000 0.000000 0.000000
93632 0.000000 0.000000 0.000000 0.000000
93633 0.000000 0.000000 0.000000 0.000000
93634 0.000000 0.000000 0.000000 0.000000
93635 0.000000 0.000000 0.000000 0.000000
93636 0.000000 0.000000 0.000000 0.000000
93637 0.000000 0.000000 0.000000 0.000000
93638 0.000000 0.000000 0.000000 0.000000
93639 0.000000 0.000000 0.000000 0.000000
93640 0.000000 0.000000 0.000000 0.000000
93641 0.000000 0.000000 0.000000 0.000000
93642 0.000000 0.000000 0.000000 0.000000
93643 0.000000 0.000000 0.000000 0.000000
93644 0.000000 0.000000 0.000000 0.000000
93645 0.000000 0.000000 0.000000 0.000000
93646 0.000000 0.000000 0.000000 0.000000
93647 0.000000 0.000000 0.000000 0.000000
93648 0.000000 0.000000 0.000000 0.000000
93649 0.000000 0.000000 0.000000 0.000000
93650 0.000000 0.000000 0.000000 0.000000
93651 0.000000 0.000000 0.000000 0.000000
93652 0.000000 0.000000 0.000000 0.000000
93653 0.000000 0.000000 0.000000 0.000000
93654 0.000000 0.000000 0.000000 0.000000
93655 0.000000 0.000000 0.000000 0.000000
93656 0.000000 0.000000 0.000000 0.000000
93657 0.000000 0.000000 0.000000 0.000000
93658 0.000000 0.000000 0.000000 0.000000
93659 0.000000 0.000000 0.000000 0.000000
93660 0.000000 0.000000 0.000000 0.000000
93661 0.000000 0.000000 0.000000 0.000000
93662 0.000000 0.000000 0.000000 0.000000
93663 0.000000 0.000000 0.000000 0.000000
93664 0.000000 0.000000 0.000000 0.000000
93665 0.000000 0.000000 0.000000 0.000000
93666 0.000000 0.000000 0.000000 0.000000
93667 0.000000 0.000000 0.000000 0.000000
93668 0.000000 0.000000 0.000000 0.000000
93669 0.000000 0.000000 0.000000 0.000000
93670 0.000000 0.000000 0.000000 0.000000
93671 0.000000 0.000000 0.000000 0.000000
93672 0.000000 0.000000 0.000000 0.000000
93673 0.000000 0.000000 0.000000 0.000000
93674 0.000000 0.000000 0.000000 0.000000
93675 0.000000 0.000000 0.000000 0.000000
93676 0.000000 0.000000 0.000000 0.000000
93677 0.000000 0.000000 0.000000 0.000000
93678 0.000000 0.000000 0.000000 0.000000
93679 0.000000 0.000000 0.000000 0.000000
93680 0.000000 0.000000 0.000000 0.000000
93681 0.000000 0.000000 0.000000 0.000000
93682 0.000000 0.000000 0.000000 0.000000
93683 0.000000 0.000000 0.000000 0.000000
93684 0.000000 0.000000 0.000000 0.000000
93685 0.000000 0.000000 0.000000 0.000000
93686 0.000000 0.000000 0.000000 0.000000
93687 0.000000 0.000000 0.000000 0.000000
93688 0.000000 0.000000 0.000000 0.000000
93689 0.000000 0.000000 0.000000 0.000000
93690 0.000000 0.000000 0.000000 0.000000
93691 0.000000 0.000000 0.000000 0.000000
93692 0.000000 0.000000 0.000000 0.000000
93693 0.000000 0.000000 0.000000 0.000000
93694 0.000000 0.000000 0.000000 0.000000
93695 0.000000 0.000000 0.000000 0.000000
93696 0.000000 0.000000 0.000000 0.000000
93697 0.000000 0.000000 0.000000 0.000000
93698 0.000000 0.000000 0.000000 0.000000
93699 0.000000 0.000000 0.000000 0.000000
93700 0.000000 0.000000 0.000000 0.000000
93701 0.000000 0.000000 0.000000 0.000000
93702 0.000000 0.000000 0.000000 0.000000
93703 0.000000 0.000000 0.000000 0.000000
93704 0.000000 0.000000 0.000000 0.000000
93705 0.000000 0.000000 0.000000 0.000000
93706 0.000000 0.000000 0.000000 0.000000
93707 0.000000 0.000000 0.000000 0.000000
93708 0.000000 0.000000 0.000000 0.000000
93709 0.000000 0.000000 0.000000 0.000000
93710 0.000000 0.000000 0.000000 0.000000
93711 0.000000 0.000000 0.000000 0.000000
93712 0.000000 0.000000 0.000000 0.000000
93713 0.000000 0.000000 0.000000 0.000000
93714 0.000000 0.000000 0.000000 0.000000
93715 0.000000 0.000000 0.000000 0.000000
93716 0.000000 0.000000 0.000000 0.000000
93717 0.000000 0.000000 0.000000 0.000000
93718 0.000000 0.000000 0.000000 0.000000
93719 0.000000 0.000000 0.000000 0.000000
93720 0.000000 0.000000 0.000000 0.000000
93721 0.000000 0.000000 0.000000 0.000000
93722 0.000000 0.000000 0.000000 0.000000
93723 0.000000 0.000000 0.000000 0.000000
93724 0.000000 0.000000 0.000000 0.000000
93725 0.000000 0.000000 0.000000 0.000000
93726 0.000000 0.000000 0.000000 0.000000
93727 0.000000 0.000000 0.000000 0.000000
93728 0.000000 0.000000 0.000000 0.000000
93729 0.000000 0.000000 0.000000 0.000000
93730 0.000000 0.000000 0.000000 0.000000
93731 0.000000 0.000000 0.000000 0.000000
93732 0.000000 0.000000 0.000000 0.000000
93733 0.000000 0.000000 0.000000 0.000000
93734 0.000000 0.000000 0.000000 0.000000
93735 0.000000 0.000000 0.000000 0.000000
93736 0.000000 0.000000 0.000000 0.000000
93737 0.000000 0.000000 0.000000 0.000000
93738 0.000000 0.000000 0.000000 0.000000
93739 0.000000 0.000000 0.000000 0.000000
93740 0.000000 0.000000 0.000000 0.000000
93741 0.000000 0.000000 0.000000 0.000000
93742 0.000000 0.000000 0.000000 0.000000
93743 0.000000 0.000000 0.000000 0.000000
93744 0.000000 0.000000 0.000000 0.000000
93745 0.000000 0.000000 0.000000 0.000000
93746 0.000000 0.000000 0.000000 0.000000
93747 0.000000 0.000000 0.000000 0.000000
93748 0.000000 0.000000 0.000000 0.000000
93749 0.000000 0.000000 0.000000 0.000000
93750 0.000000 0.000000 0.000000 0.000000
93751 0.000000 0.000000 0.000000 0.000000
93752 0.000000 0.000000 0.000000 0.000000
93753 0.000000 0.000000 0.000000 0.000000
93754 0.000000 0.000000 0.000000 0.000000
93755 0.000000 0.000000 0.000000 0.000000
93756 0.000000 0.000000 0.000000 0.000000
93757 0.000000 0.000000 0.000000 0.000000
93758 0.000000 0.000000 0.000000 0.000000
93759 0.000000 0.000000 0.000000 0.000000
93760 0.000000 0.000000 0.000000 0.000000
93761 0.000000 0.000000 0.000000 0.000000
93762 0.000000 0.000000 0.000000 0.000000
93763 0.000000 0.000000 0.000000 0.000000
93764 0.000000 0.000000 0.000000 0.000000
93765 0.000000 0.000000 0.000000 0.000000
93766 0.000000 0.000000 0.000000 0.000000
93767 0.000000 0.000000 0.000000 0.000000
93768 0.000000 0.000000 0.000000 0.000000
93769 0.000000 0.000000 0.000000 0.000000
93770 0.000000 0.000000 0.000000 0.000000
93771 0.000000 0.000000 0.000000 0.000000
93772 0.000000 0.000000 0.000000 0.000000
93773 0.000000 0.000000 0.000000 0.000000
93774 0.000000 0.000000 0.000000 0.000000
93775 0.000000 0.000000 0.000000 0.000000
93776 0.000000 0.000000 0.000000 0.000000
93777 0.000000 0.000000 0.000000 0.000000
93778 0.000000 0.000000 0.000000 0.000000
93779 0.000000 0.000000 0.000000 0.000000
93780 0.000000 0.000000 0.000000 0.000000
93781 0.000000 0.000000 0.000000 0.000000
93782 0.000000 0.000000 0.000000 0.000000
93783 0.000000 0.000000 0.000000 0.000000
93784 0.000000 0.000000 0.000000 0.000000
93785 0.000000 0.000000 0.000000 0.000000
93786 0.000000 0.000000 0.000000 0.000000
93787 0.000000 0.000000 0.000000 0.000000
93788 0.000000 0.000000 0.000000 0.000000
93789 0.000000 0.000000 0.000000 0.000000
93790 0.000000 0.000000 0.000000 0.000000
93791 0.000000 0.000000 0.000000 0.000000
93792 0.000000 0.000000 0.000000 0.000000
93793 0.000000 0.000000 0.000000 0.000000
93794 0.000000 0.000000 0.000000 0.000000
93795 0.000000 0.000000 0.000000 0.000000
93796 0.000000 0.000000 0.000000 0.000000
93797 0.000000 0.000000 0.000000 0.000000
93798 0.000000 0.000000 0.000000 0.000000
93799 0.000000 0.000000 0.000000 0.000000
93800 0.000000 0.000000 0.000000 0.000000
93801 0.000000 0.000000 0.000000 0.000000
93802 0.000000 0.000000 0.000000 0.000000
93803 0.000000 0.000000 0.000000 0.000000
93804 0.000000 0.000000 0.000000 0.000000
93805 0.000000 0.000000 0.000000 0.000000
93806 0.000000 0.000000 0.000000 0.000000
93807 0.000000 0.000000 0.000000 0.000000
93808 0.000000 0.000000 0.000000 0.000000
93809 0.000000 0.000000 0.000000 0.000000
93810 0.000000 0.000000 0.000000 0.000000
93811 0.000000 0.000000 0.000000 0.000000
93812 0.000000 0.000000 0.000000 0.000000
93813 0.000000 0.000000 0.000000 0.000000
93814 0.000000 0.000000 0.000000 0.000000
93815 0.000000 0.000000 0.000000 0.000000
93816 0.000000 0.000000 0.000000 0.000000
93817 0.000000 0.000000 0.000000 0.000000
93818 0.000000 0.000000 0.000000 0.000000
93819 0.000000 0.000000 0.000000 0.000000
93820 0.000000 0.000000 0.000000 0.000000
93821 0.000000 0.000000 0.000000 0.000000
93822 0.000000 0.000000 0.000000 0.000000
93823 0.000000 0.000000 0.000000 0.000000
93824 0.000000 0.000000 0.000000 0.000000
93825 0.000000 0.000000 0.000000 0.000000
93826 0.000000 0.000000 0.000000 0.000000
93827 0.000000 0.000000 0.000000 0.000000
93828 0.000000 0.000000 0.000000 0.000000
93829 0.000000 0.000000 0.000000 0.000000
93830 0.000000 0.000000 0.000000 0.000000
93831 0.000000 0.000000 0.000000 0.000000
93832 0.000000 0.000000 0.000000 0.000000
93833 0.000000 0.000000 0.000000 0.000000
93834 0.000000 0.000000 0.000000 0.000000
93835 0.000000 0.000000 0.000000 0.000000
93836 0.000000 0.000000 0.000000 0.000000
93837 0.000000 0.000000 0.000000 0.000000
93838 0.000000 0.000000 0.000000 0.000000
93839 0.000000 0.000000 0.000000 0.000000
93840 0.000000 0.000000 0.000000 0.000000
93841 0.000000 0.000000 0.000000 0.000000
93842 0.000000 0.000000 0.000000 0.000000
93843 0.000000 0.000000 0.000000 0.000000
93844 0.000000 0.000000 0.000000 0.000000
93845 0.000000 0.000000 0.000000 0.000000
93846 0.000000 0.000000 0.000000 0.000000
93847 0.000000 0.000000 0.000000 0.000000
93848 0.000000 0.000000 0.000000 0.000000
93849 0.000000 0.000000 0.000000 0.000000
93850 0.000000 0.000000 0.000000 0.000000
93851 0.000000 0.000000 0.000000 0.000000
93852 0.000000 0.000000 0.000000 0.000000
93853 0.000000 0.000000 0.000000 0.000000
93854 0.000000 0.000000 0.000000 0.000000
93855 0.000000 0.000000 0.000000 0.000000
93856 0.000000 0.000000 0.000000 0.000000
93857 0.000000 0.000000 0.000000 0.000000
93858 0.000000 0.000000 0.000000 0.000000
93859 0.000000 0.000000 0.000000 0.000000
93860 0.000000 0.000000 0.000000 0.000000
93861 0.000000 0.000000 0.000000 0.000000
93862 0.000000 0.000000 0.000000 0.000000
93863 0.000000 0.000000 0.000000 0.000000
93864 0.000000 0.000000 0.000000 0.000000
93865 0.000000 0.000000 0.000000 0.000000
93866 0.000000 0.000000 0.000000 0.000000
93867 0.000000 0.000000 0.000000 0.000000
93868 0.000000 0.000000 0.000000 0.000000
93869 0.000000 0.000000 0.000000 0.000000
93870 0.000000 0.000000 0.000000 0.000000
93871 0.000000 0.000000 0.000000 0.000000
93872 0.000000 0.000000 0.000000 0.000000
93873 0.000000 0.000000 0.000000 0.000000
93874 0.000000 0.000000 0.000000 0.000000
93875 0.000000 0.000000 0.000000 0.000000
93876 0.000000 0.000000 0.000000 0.000000
93877 0.000000 0.000000 0.000000 0.000000
93878 0.000000 0.000000 0.000000 0.000000
93879 0.000000 0.000000 0.000000 0.000000
93880 0.000000 0.000000 0.000000 0.000000
93881 0.000000 0.000000 0.000000 0.000000
93882 0.000000 0.000000 0.000000 0.000000
93883 0.000000 0.000000 0.000000 0.000000
93884 0.000000 0.000000 0.000000 0.000000
93885 0.000000 0.000000 0.000000 0.000000
93886 0.000000 0.000000 0.000000 0.000000
93887 0.000000 0.000000 0.000000 0.000000
93888 0.000000 0.000000 0.000000 0.000000
93889 0.000000 0.000000 0.000000 0.000000
93890 0.000000 0.000000 0.000000 0.000000
93891 0.000000 0.000000 0.000000 0.000000
93892 0.000000 0.000000 0.000000 0.000000
93893 0.000000 0.000000 0.000000 0.000000
93894 0.000000 0.000000 0.000000 0.000000
93895 0.000000 0.000000 0.000000 0.000000
93896 0.000000 0.000000 0.000000 0.000000
93897 0.000000 0.000000 0.000000 0.000000
93898 0.000000 0.000000 0.000000 0.000000
93899 0.000000 0.000000 0.000000 0.000000
93900 0.000000 0.000000 0.000000 0.000000
93901 0.000000 0.000000 0.000000 0.000000
93902 0.000000 0.000000 0.000000 0.000000
93903 0.000000 0.000000 0.000000 0.000000
93904 0.000000 0.000000 0.000000 0.000000
93905 0.000000 0.000000 0.000000 0.000000
93906 0.000000 0.000000 0.000000 0.000000
93907 0.000000 0.000000 0.000000 0.000000
93908 0.000000 0.000000 0.000000 0.000000
93909 0.000000 0.000000 0.000000 0.000000
93910 0.000000 0.000000 0.000000 0.000000
93911 0.000000 0.000000 0.000000 0.000000
93912 0.000000 0.000000 0.000000 0.000000
93913 0.000000 0.000000 0.000000 0.000000
93914 0.000000 0.000000 0.000000 0.000000
93915 0.000000 0.000000 0.000000 0.000000
93916 0.000000 0.000000 0.000000 0.000000
93917 0.000000 0.000000 0.000000 0.000000
93918 0.000000 0.000000 0.000000 0.000000
93919 0.000000 0.000000 0.000000 0.000000
93920 0.000000 0.000000 0.000000 0.000000
93921 0.000000 0.000000 0.000000 0.000000
93922 0.000000 0.000000 0.000000 0.000000
93923 0.000000 0.000000 0.000000 0.000000
93924 0.000000 0.000000 0.000000 0.000000
93925 0.000000 0.000000 0.000000 0.000000
93926 0.000000 0.000000 0.000000 0.000000
93927 0.000000 0.000000 0.000000 0.000000
93928 0.000000 0.000000 0.000000 0.000000
93929 0.000000 0.000000 0.000000 0.000000
93930 0.000000 0.000000 0.000000 0.000000
93931 0.000000 0.000000 0.000000 0.000000
93932 0.000000 0.000000 0.000000 0.000000
93933 0.000000 0.000000 0.000000 0.000000
93934 0.000000 0.000000 0.000000 0.000000
93935 0.000000 0.000000 0.000000 0.000000
93936 0.000000 0.000000 0.000000 0.000000
93937 0.000000 0.000000 0.000000 0.000000
93938 0.000000 0.000000 0.000000 0.000000
93939 0.000000 0.000000 0.000000 0.000000
93940 0.000000 0.000000 0.000000 0.000000
93941 0.000000 0.000000 0.000000 0.000000
93942 0.000000 0.000000 0.000000 0.000000
93943 0.000000 0.000000 0.000000 0.000000
93944 0.000000 0.000000 0.000000 0.000000
93945 0.000000 0.000000 0.000000 0.000000
93946 0.000000 0.000000 0.000000 0.000000
93947 0.000000 0.000000 0.000000 0.000000
93948 0.000000 0.000000 0.000000 0.000000
93949 0.000000 0.000000 0.000000 0.000000
93950 0.000000 0.000000 0.000000 0.000000
93951 0.000000 0.000000 0.000000 0.000000
93952 0.000000 0.000000 0.000000 0.000000
93953 0.000000 0.000000 0.000000 0.000000
93954 0.000000 0.000000 0.000000 0.000000
93955 0.000000 0.000000 0.000000 0.000000
93956 0.000000 0.000000 0.000000 0.000000
93957 0.000000 0.000000 0.000000 0.000000
93958 0.000000 0.000000 0.000000 0.000000
93959 0.000000 0.000000 0.000000 0.000000
93960 0.000000 0.000000 0.000000 0.000000
93961 0.000000 0.000000 0.000000 0.000000
93962 0.000000 0.000000 0.000000 0.000000
93963 0.000000 0.000000 0.000000 0.000000
93964 0.000000 0.000000 0.000000 0.000000
93965 0.000000 0.000000 0.000000 0.000000
93966 0.000000 0.000000 0.000000 0.000000
93967 0.000000 0.000000 0.000000 0.000000
93968 0.000000 0.000000 0.000000 0.000000
93969 0.000000 0.000000 0.000000 0.000000
93970 0.000000 0.000000 0.000000 0.000000
93971 0.000000 0.000000 0.000000 0.000000
93972 0.000000 0.000000 0.000000 0.000000
93973 0.000000 0.000000 0.000000 0.000000
93974 0.000000 0.000000 0.000000 0.000000
93975 0.000000 0.000000 0.000000 0.000000
93976 0.000000 0.000000 0.000000 0.000000
93977 0.000000 0.000000 0.000000 0.000000
93978 0.000000 0.000000 0.000000 0.000000
93979 0.000000 0.000000 0.000000 0.000000
93980 0.000000 0.000000 0.000000 0.000000
93981 0.000000 0.000000 0.000000 0.000000
93982 0.000000 0.000000 0.000000 0.000000
93983 0.000000 0.000000 0.000000 0.000000
93984 0.000000 0.000000 0.000000 0.000000
93985 0.000000 0.000000 0.000000 0.000000
93986 0.000000 0.000000 0.000000 0.000000
93987 0.000000 0.000000 0.000000 0.000000
93988 0.000000 0.000000 0.000000 0.000000
93989 0.000000 0.000000 0.000000 0.000000
93990 0.000000 0.000000 0.000000 0.000000
93991 0.000000 0.000000 0.000000 0.000000
93992 0.000000 0.000000 0.000000 0.000000
93993 0.000000 0.000000 0.000000 0.000000
93994 0.000000 0.000000 0.000000 0.000000
93995 0.000000 0.000000 0.000000 0.000000
93996 0.000000 0.000000 0.000000 0.000000
93997 0.000000 0.000000 0.000000 0.000000
93998 0.000000 0.000000 0.000000 0.000000
93999 0.000000 0.000000 0.000000 0.000000
94000 0.000000 0.000000 0.000000 0.000000
94001 0.000000 0.000000 0.000000 0.000000
94002 0.000000 0.000000 0.000000 0.000000
94003 0.000000 0.000000 0.000000 0.000000
94004 0.000000 0.000000 0.000000 0.000000
94005 0.000000 0.000000 0.000000 0.000000
94006 0.000000 0.000000 0.000000 0.000000
94007 0.000000 0.000000 0.000000 0.000000
94008 0.000000 0.000000 0.000000 0.000000
94009 0.000000 0.000000 0.000000 0.000000
94010 0.000000 0.000000 0.000000 0.000000
94011 0.000000 0.000000 0.000000 0.000000
94012 0.000000 0.000000 0.000000 0.000000
94013 0.000000 0.000000 0.000000 0.000000
94014 0.000000 0.000000 0.000000 0.000000
94015 0.000000 0.000000 0.000000 0.000000
94016 0.000000 0.000000 0.000000 0.000000
94017 0.000000 0.000000 0.000000 0.000000
94018 0.000000 0.000000 0.000000 0.000000
94019 0.000000 0.000000 0.000000 0.000000
94020 0.000000 0.000000 0.000000 0.000000
94021 0.000000 0.000000 0.000000 0.000000
94022 0.000000 0.000000 0.000000 0.000000
94023 0.000000 0.000000 0.000000 0.000000
94024 0.000000 0.000000 0.000000 0.000000
94025 0.000000 0.000000 0.000000 0.000000
94026 0.000000 0.000000 0.000000 0.000000
94027 0.000000 0.000000 0.000000 0.000000
94028 0.000000 0.000000 0.000000 0.000000
94029 0.000000 0.000000 0.000000 0.000000
94030 0.000000 0.000000 0.000000 0.000000
94031 0.000000 0.000000 0.000000 0.000000
94032 0.000000 0.000000 0.000000 0.000000
94033 0.000000 0.000000 0.000000 0.000000
94034 0.000000 0.000000 0.000000 0.000000
94035 0.000000 0.000000 0.000000 0.000000
94036 0.000000 0.000000 0.000000 0.000000
94037 0.000000 0.000000 0.000000 0.000000
94038 0.000000 0.000000 0.000000 0.000000
94039 0.000000 0.000000 0.000000 0.000000
94040 0.000000 0.000000 0.000000 0.000000
94041 0.000000 0.000000 0.000000 0.000000
94042 0.000000 0.000000 0.000000 0.000000
94043 0.000000 0.000000 0.000000 0.000000
94044 0.000000 0.000000 0.000000 0.000000
94045 0.000000 0.000000 0.000000 0.000000
94046 0.000000 0.000000 0.000000 0.000000
94047 0.000000 0.000000 0.000000 0.000000
94048 0.000000 0.000000 0.000000 0.000000
94049 0.000000 0.000000 0.000000 0.000000
94050 0.000000 0.000000 0.000000 0.000000
94051 0.000000 0.000000 0.000000 0.000000
94052 0.000000 0.000000 0.000000 0.000000
94053 0.000000 0.000000 0.000000 0.000000
94054 0.000000 0.000000 0.000000 0.000000
94055 0.000000 0.000000 0.000000 0.000000
94056 0.000000 0.000000 0.000000 0.000000
94057 0.000000 0.000000 0.000000 0.000000
94058 0.000000 0.000000 0.000000 0.000000
94059 0.000000 0.000000 0.000000 0.000000
94060 0.000000 0.000000 0.000000 0.000000
94061 0.000000 0.000000 0.000000 0.000000
94062 0.000000 0.000000 0.000000 0.000000
94063 0.000000 0.000000 0.000000 0.000000
94064 0.000000 0.000000 0.000000 0.000000
94065 0.000000 0.000000 0.000000 0.000000
94066 0.000000 0.000000 0.000000 0.000000
94067 0.000000 0.000000 0.000000 0.000000
94068 0.000000 0.000000 0.000000 0.000000
94069 0.000000 0.000000 0.000000 0.000000
94070 0.000000 0.000000 0.000000 0.000000
94071 0.000000 0.000000 0.000000 0.000000
94072 0.000000 0.000000 0.000000 0.000000
94073 0.000000 0.000000 0.000000 0.000000
94074 0.000000 0.000000 0.000000 0.000000
94075 0.000000 0.000000 0.000000 0.000000
94076 0.000000 0.000000 0.000000 0.000000
94077 0.000000 0.000000 0.000000 0.000000
94078 0.000000 0.000000 0.000000 0.000000
94079 0.000000 0.000000 0.000000 0.000000
94080 0.000000 0.000000 0.000000 0.000000
94081 0.000000 0.000000 0.000000 0.000000
94082 0.000000 0.000000 0.000000 0.000000
94083 0.000000 0.000000 0.000000 0.000000
94084 0.000000 0.000000 0.000000 0.000000
94085 0.000000 0.000000 0.000000 0.000000
94086 0.000000 0.000000 0.000000 0.000000
94087 0.000000 0.000000 0.000000 0.000000
94088 0.000000 0.000000 0.000000 0.000000
94089 0.000000 0.000000 0.000000 0.000000
94090 0.000000 0.000000 0.000000 0.000000
94091 0.000000 0.000000 0.000000 0.000000
94092 0.000000 0.000000 0.000000 0.000000
94093 0.000000 0.000000 0.000000 0.000000
94094 0.000000 0.000000 0.000000 0.000000
94095 0.000000 0.000000 0.000000 0.000000
94096 0.000000 0.000000 0.000000 0.000000
94097 0.000000 0.000000 0.000000 0.000000
94098 0.000000 0.000000 0.000000 0.000000
94099 0.000000 0.000000 0.000000 0.000000
94100 0.000000 0.000000 0.000000 0.000000
94101 0.000000 0.000000 0.000000 0.000000
94102 0.000000 0.000000 0.000000 0.000000
94103 0.000000 0.000000 0.000000 0.000000
94104 0.000000 0.000000 0.000000 0.000000
94105 0.000000 0.000000 0.000000 0.000000
94106 0.000000 0.000000 0.000000 0.000000
94107 0.000000 0.000000 0.000000 0.000000
94108 0.000000 0.000000 0.000000 0.000000
94109 0.000000 0.000000 0.000000 0.000000
94110 0.000000 0.000000 0.000000 0.000000
94111 0.000000 0.000000 0.000000 0.000000
94112 0.000000 0.000000 0.000000 0.000000
94113 0.000000 0.000000 0.000000 0.000000
94114 0.000000 0.000000 0.000000 0.000000
94115 0.000000 0.000000 0.000000 0.000000
94116 0.000000 0.000000 0.000000 0.000000
94117 0.000000 0.000000 0.000000 0.000000
94118 0.000000 0.000000 0.000000 0.000000
94119 0.000000 0.000000 0.000000 0.000000
94120 0.000000 0.000000 0.000000 0.000000
94121 0.000000 0.000000 0.000000 0.000000
94122 0.000000 0.000000 0.000000 0.000000
94123 0.000000 0.000000 0.000000 0.000000
94124 0.000000 0.000000 0.000000 0.000000
94125 0.000000 0.000000 0.000000 0.000000
94126 0.000000 0.000000 0.000000 0.000000
94127 0.000000 0.000000 0.000000 0.000000
94128 0.000000 0.000000 0.000000 0.000000
94129 0.000000 0.000000 0.000000 0.000000
94130 0.000000 0.000000 0.000000 0.000000
94131 0.000000 0.000000 0.000000 0.000000
94132 0.000000 0.000000 0.000000 0.000000
94133 0.000000 0.000000 0.000000 0.000000
94134 0.000000 0.000000 0.000000 0.000000
94135 0.000000 0.000000 0.000000 0.000000
94136 0.000000 0.000000 0.000000 0.000000
94137 0.000000 0.000000 0.000000 0.000000
94138 0.000000 0.000000 0.000000 0.000000
94139 0.000000 0.000000 0.000000 0.000000
94140 0.000000 0.000000 0.000000 0.000000
94141 0.000000 0.000000 0.000000 0.000000
94142 0.000000 0.000000 0.000000 0.000000
94143 0.000000 0.000000 0.000000 0.000000
94144 0.000000 0.000000 0.000000 0.000000
94145 0.000000 0.000000 0.000000 0.000000
94146 0.000000 0.000000 0.000000 0.000000
94147 0.000000 0.000000 0.000000 0.000000
94148 0.000000 0.000000 0.000000 0.000000
94149 0.000000 0.000000 0.000000 0.000000
94150 0.000000 0.000000 0.000000 0.000000
94151 0.000000 0.000000 0.000000 0.000000
94152 0.000000 0.000000 0.000000 0.000000
94153 0.000000 0.000000 0.000000 0.000000
94154 0.000000 0.000000 0.000000 0.000000
94155 0.000000 0.000000 0.000000 0.000000
94156 0.000000 0.000000 0.000000 0.000000
94157 0.000000 0.000000 0.000000 0.000000
94158 0.000000 0.000000 0.000000 0.000000
94159 0.000000 0.000000 0.000000 0.000000
94160 0.000000 0.000000 0.000000 0.000000
94161 0.000000 0.000000 0.000000 0.000000
94162 0.000000 0.000000 0.000000 0.000000
94163 0.000000 0.000000 0.000000 0.000000
94164 0.000000 0.000000 0.000000 0.000000
94165 0.000000 0.000000 0.000000 0.000000
94166 0.000000 0.000000 0.000000 0.000000
94167 0.000000 0.000000 0.000000 0.000000
94168 0.000000 0.000000 0.000000 0.000000
94169 0.000000 0.000000 0.000000 0.000000
94170 0.000000 0.000000 0.000000 0.000000
94171 0.000000 0.000000 0.000000 0.000000
94172 0.000000 0.000000 0.000000 0.000000
94173 0.000000 0.000000 0.000000 0.000000
94174 0.000000 0.000000 0.000000 0.000000
94175 0.000000 0.000000 0.000000 0.000000
94176 0.000000 0.000000 0.000000 0.000000
94177 0.000000 0.000000 0.000000 0.000000
94178 0.000000 0.000000 0.000000 0.000000
94179 0.000000 0.000000 0.000000 0.000000
94180 0.000000 0.000000 0.000000 0.000000
94181 0.000000 0.000000 0.000000 0.000000
94182 0.000000 0.000000 0.000000 0.000000
94183 0.000000 0.000000 0.000000 0.000000
94184 0.000000 0.000000 0.000000 0.000000
94185 0.000000 0.000000 0.000000 0.000000
94186 0.000000 0.000000 0.000000 0.000000
94187 0.000000 0.000000 0.000000 0.000000
94188 0.000000 0.000000 0.000000 0.000000
94189 0.000000 0.000000 0.000000 0.000000
94190 0.000000 0.000000 0.000000 0.000000
94191 0.000000 0.000000 0.000000 0.000000
94192 0.000000 0.000000 0.000000 0.000000
94193 0.000000 0.000000 0.000000 0.000000
94194 0.000000 0.000000 0.000000 0.000000
94195 0.000000 0.000000 0.000000 0.000000
94196 0.000000 0.000000 0.000000 0.000000
94197 0.000000 0.000000 0.000000 0.000000
94198 0.000000 0.000000 0.000000 0.000000
94199 0.000000 0.000000 0.000000 0.000000
94200 0.000000 0.000000 0.000000 0.000000
94201 0.000000 0.000000 0.000000 0.000000
94202 0.000000 0.000000 0.000000 0.000000
94203 0.000000 0.000000 0.000000 0.000000
94204 0.000000 0.000000 0.000000 0.000000
94205 0.000000 0.000000 0.000000 0.000000
94206 0.000000 0.000000 0.000000 0.000000
94207 0.000000 0.000000 0.000000 0.000000
94208 0.000000 0.000000 0.000000 0.000000
94209 0.000000 0.000000 0.000000 0.000000
94210 0.000000 0.000000 0.000000 0.000000
94211 0.000000 0.000000 0.000000 0.000000
94212 0.000000 0.000000 0.000000 0.000000
94213 0.000000 0.000000 0.000000 0.000000
94214 0.000000 0.000000 0.000000 0.000000
94215 0.000000 0.000000 0.000000 0.000000
94216 0.000000 0.000000 0.000000 0.000000
94217 0.000000 0.000000 0.000000 0.000000
94218 0.000000 0.000000 0.000000 0.000000
94219 0.000000 0.000000 0.000000 0.000000
94220 0.000000 0.000000 0.000000 0.000000
94221 0.000000 0.000000 0.000000 0.000000
94222 0.000000 0.000000 0.000000 0.000000
94223 0.000000 0.000000 0.000000 0.000000
94224 0.000000 0.000000 0.000000 0.000000
94225 0.000000 0.000000 0.000000 0.000000
94226 0.000000 0.000000 0.000000 0.000000
94227 0.000000 0.000000 0.000000 0.000000
94228 0.000000 0.000000 0.000000 0.000000
94229 0.000000 0.000000 0.000000 0.000000
94230 0.000000 0.000000 0.000000 0.000000
94231 0.000000 0.000000 0.000000 0.000000
94232 0.000000 0.000000 0.000000 0.000000
94233 0.000000 0.000000 0.000000 0.000000
94234 0.000000 0.000000 0.000000 0.000000
94235 0.000000 0.000000 0.000000 0.000000
94236 0.000000 0.000000 0.000000 0.000000
94237 0.000000 0.000000 0.000000 0.000000
94238 0.000000 0.000000 0.000000 0.000000
94239 0.000000 0.000000 0.000000 0.000000
94240 0.000000 0.000000 0.000000 0.000000
94241 0.000000 0.000000 0.000000 0.000000
94242 0.000000 0.000000 0.000000 0.000000
94243 0.000000 0.000000 0.000000 0.000000
94244 0.000000 0.000000 0.000000 0.000000
94245 0.000000 0.000000 0.000000 0.000000
94246 0.000000 0.000000 0.000000 0.000000
94247 0.000000 0.000000 0.000000 0.000000
94248 0.000000 0.000000 0.000000 0.000000
94249 0.000000 0.000000 0.000000 0.000000
94250 0.000000 0.000000 0.000000 0.000000
94251 0.000000 0.000000 0.000000 0.000000
94252 0.000000 0.000000 0.000000 0.000000
94253 0.000000 0.000000 0.000000 0.000000
94254 0.000000 0.000000 0.000000 0.000000
94255 0.000000 0.000000 0.000000 0.000000
94256 0.000000 0.000000 0.000000 0.000000
94257 0.000000 0.000000 0.000000 0.000000
94258 0.000000 0.000000 0.000000 0.000000
94259 0.000000 0.000000 0.000000 0.000000
94260 0.000000 0.000000 0.000000 0.000000
94261 0.000000 0.000000 0.000000 0.000000
94262 0.000000 0.000000 0.000000 0.000000
94263 0.000000 0.000000 0.000000 0.000000
94264 0.000000 0.000000 0.000000 0.000000
94265 0.000000 0.000000 0.000000 0.000000
94266 0.000000 0.000000 0.000000 0.000000
94267 0.000000 0.000000 0.000000 0.000000
94268 0.000000 0.000000 0.000000 0.000000
94269 0.000000 0.000000 0.000000 0.000000
94270 0.000000 0.000000 0.000000 0.000000
94271 0.000000 0.000000 0.000000 0.000000
94272 0.000000 0.000000 0.000000 0.000000
94273 0.000000 0.000000 0.000000 0.000000
94274 0.000000 0.000000 0.000000 0.000000
94275 0.000000 0.000000 0.000000 0.000000
94276 0.000000 0.000000 0.000000 0.000000
94277 0.000000 0.000000 0.000000 0.000000
94278 0.000000 0.000000 0.000000 0.000000
94279 0.000000 0.000000 0.000000 0.000000
94280 0.000000 0.000000 0.000000 0.000000
94281 0.000000 0.000000 0.000000 0.000000
94282 0.000000 0.000000 0.000000 0.000000
94283 0.000000 0.000000 0.000000 0.000000
94284 0.000000 0.000000 0.000000 0.000000
94285 0.000000 0.000000 0.000000 0.000000
94286 0.000000 0.000000 0.000000 0.000000
94287 0.000000 0.000000 0.000000 0.000000
94288 0.000000 0.000000 0.000000 0.000000
94289 0.000000 0.000000 0.000000 0.000000
94290 0.000000 0.000000 0.000000 0.000000
94291 0.000000 0.000000 0.000000 0.000000
94292 0.000000 0.000000 0.000000 0.000000
94293 0.000000 0.000000 0.000000 0.000000
94294 0.000000 0.000000 0.000000 0.000000
94295 0.000000 0.000000 0.000000 0.000000
94296 0.000000 0.000000 0.000000 0.000000
94297 0.000000 0.000000 0.000000 0.000000
94298 0.000000 0.000000 0.000000 0.000000
94299 0.000000 0.000000 0.000000 0.000000
94300 0.000000 0.000000 0.000000 0.000000
94301 0.000000 0.000000 0.000000 0.000000
94302 0.000000 0.000000 0.000000 0.000000
94303 0.000000 0.000000 0.000000 0.000000
94304 0.000000 0.000000 0.000000 0.000000
94305 0.000000 0.000000 0.000000 0.000000
94306 0.000000 0.000000 0.000000 0.000000
94307 0.000000 0.000000 0.000000 0.000000
94308 0.000000 0.000000 0.000000 0.000000
94309 0.000000 0.000000 0.000000 0.000000
94310 0.000000 0.000000 0.000000 0.000000
94311 0.000000 0.000000 0.000000 0.000000
94312 0.000000 0.000000 0.000000 0.000000
94313 0.000000 0.000000 0.000000 0.000000
94314 0.000000 0.000000 0.000000 0.000000
94315 0.000000 0.000000 0.000000 0.000000
94316 0.000000 0.000000 0.000000 0.000000
94317 0.000000 0.000000 0.000000 0.000000
