#!ascii label, from subject  
1248
95606 0.000000 0.000000 0.000000 0.000000
95607 0.000000 0.000000 0.000000 0.000000
95608 0.000000 0.000000 0.000000 0.000000
95609 0.000000 0.000000 0.000000 0.000000
95610 0.000000 0.000000 0.000000 0.000000
95611 0.000000 0.000000 0.000000 0.000000
95612 0.000000 0.000000 0.000000 0.000000
95613 0.000000 0.000000 0.000000 0.000000
95614 0.000000 0.000000 0.000000 0.000000
95615 0.000000 0.000000 0.000000 0.000000
95616 0.000000 0.000000 0.000000 0.000000
95617 0.000000 0.000000 0.000000 0.000000
95618 0.000000 0.000000 0.000000 0.000000
95619 0.000000 0.000000 0.000000 0.000000
95620 0.000000 0.000000 0.000000 0.000000
95621 0.000000 0.000000 0.000000 0.000000
95622 0.000000 0.000000 0.000000 0.000000
95623 0.000000 0.000000 0.000000 0.000000
95624 0.000000 0.000000 0.000000 0.000000
95625 0.000000 0.000000 0.000000 0.000000
95626 0.000000 0.000000 0.000000 0.000000
95627 0.000000 0.000000 0.000000 0.000000
95628 0.000000 0.000000 0.000000 0.000000
95629 0.000000 0.000000 0.000000 0.000000
95630 0.000000 0.000000 0.000000 0.000000
95631 0.000000 0.000000 0.000000 0.000000
95632 0.000000 0.000000 0.000000 0.000000
95633 0.000000 0.000000 0.000000 0.000000
95634 0.000000 0.000000 0.000000 0.000000
95635 0.000000 0.000000 0.000000 0.000000
95636 0.000000 0.000000 0.000000 0.000000
95637 0.000000 0.000000 0.000000 0.000000
95638 0.000000 0.000000 0.000000 0.000000
95639 0.000000 0.000000 0.000000 0.000000
95640 0.000000 0.000000 0.000000 0.000000
95641 0.000000 0.000000 0.000000 0.000000
95642 0.000000 0.000000 0.000000 0.000000
95643 0.000000 0.000000 0.000000 0.000000
95644 0.000000 0.000000 0.000000 0.000000
95645 0.000000 0.000000 0.000000 0.000000
95646 0.000000 0.000000 0.000000 0.000000
95647 0.000000 0.000000 0.000000 0.000000
95648 0.000000 0.000000 0.000000 0.000000
95649 0.000000 0.000000 0.000000 0.000000
95650 0.000000 0.000000 0.000000 0.000000
95651 0.000000 0.000000 0.000000 0.000000
95652 0.000000 0.000000 0.000000 0.000000
95653 0.000000 0.000000 0.000000 0.000000
95654 0.000000 0.000000 0.000000 0.000000
95655 0.000000 0.000000 0.000000 0.000000
95656 0.000000 0.000000 0.000000 0.000000
95657 0.000000 0.000000 0.000000 0.000000
95658 0.000000 0.000000 0.000000 0.000000
95659 0.000000 0.000000 0.000000 0.000000
95660 0.000000 0.000000 0.000000 0.000000
95661 0.000000 0.000000 0.000000 0.000000
95662 0.000000 0.000000 0.000000 0.000000
95663 0.000000 0.000000 0.000000 0.000000
95664 0.000000 0.000000 0.000000 0.000000
95665 0.000000 0.000000 0.000000 0.000000
95666 0.000000 0.000000 0.000000 0.000000
95667 0.000000 0.000000 0.000000 0.000000
95668 0.000000 0.000000 0.000000 0.000000
95669 0.000000 0.000000 0.000000 0.000000
95670 0.000000 0.000000 0.000000 0.000000
95671 0.000000 0.000000 0.000000 0.000000
95672 0.000000 0.000000 0.000000 0.000000
95673 0.000000 0.000000 0.000000 0.000000
95674 0.000000 0.000000 0.000000 0.000000
95675 0.000000 0.000000 0.000000 0.000000
95676 0.000000 0.000000 0.000000 0.000000
95677 0.000000 0.000000 0.000000 0.000000
95678 0.000000 0.000000 0.000000 0.000000
95679 0.000000 0.000000 0.000000 0.000000
95680 0.000000 0.000000 0.000000 0.000000
95681 0.000000 0.000000 0.000000 0.000000
95682 0.000000 0.000000 0.000000 0.000000
95683 0.000000 0.000000 0.000000 0.000000
95684 0.000000 0.000000 0.000000 0.000000
95685 0.000000 0.000000 0.000000 0.000000
95686 0.000000 0.000000 0.000000 0.000000
95687 0.000000 0.000000 0.000000 0.000000
95688 0.000000 0.000000 0.000000 0.000000
95689 0.000000 0.000000 0.000000 0.000000
95690 0.000000 0.000000 0.000000 0.000000
95691 0.000000 0.000000 0.000000 0.000000
95692 0.000000 0.000000 0.000000 0.000000
95693 0.000000 0.000000 0.000000 0.000000
95694 0.000000 0.000000 0.000000 0.000000
95695 0.000000 0.000000 0.000000 0.000000
95696 0.000000 0.000000 0.000000 0.000000
95697 0.000000 0.000000 0.000000 0.000000
95698 0.000000 0.000000 0.000000 0.000000
95699 0.000000 0.000000 0.000000 0.000000
95700 0.000000 0.000000 0.000000 0.000000
95701 0.000000 0.000000 0.000000 0.000000
95702 0.000000 0.000000 0.000000 0.000000
95703 0.000000 0.000000 0.000000 0.000000
95704 0.000000 0.000000 0.000000 0.000000
95705 0.000000 0.000000 0.000000 0.000000
95706 0.000000 0.000000 0.000000 0.000000
95707 0.000000 0.000000 0.000000 0.000000
95708 0.000000 0.000000 0.000000 0.000000
95709 0.000000 0.000000 0.000000 0.000000
95710 0.000000 0.000000 0.000000 0.000000
95711 0.000000 0.000000 0.000000 0.000000
95712 0.000000 0.000000 0.000000 0.000000
95713 0.000000 0.000000 0.000000 0.000000
95714 0.000000 0.000000 0.000000 0.000000
95715 0.000000 0.000000 0.000000 0.000000
95716 0.000000 0.000000 0.000000 0.000000
95717 0.000000 0.000000 0.000000 0.000000
95718 0.000000 0.000000 0.000000 0.000000
95719 0.000000 0.000000 0.000000 0.000000
95720 0.000000 0.000000 0.000000 0.000000
95721 0.000000 0.000000 0.000000 0.000000
95722 0.000000 0.000000 0.000000 0.000000
95723 0.000000 0.000000 0.000000 0.000000
95724 0.000000 0.000000 0.000000 0.000000
95725 0.000000 0.000000 0.000000 0.000000
95726 0.000000 0.000000 0.000000 0.000000
95727 0.000000 0.000000 0.000000 0.000000
95728 0.000000 0.000000 0.000000 0.000000
95729 0.000000 0.000000 0.000000 0.000000
95730 0.000000 0.000000 0.000000 0.000000
95731 0.000000 0.000000 0.000000 0.000000
95732 0.000000 0.000000 0.000000 0.000000
95733 0.000000 0.000000 0.000000 0.000000
95734 0.000000 0.000000 0.000000 0.000000
95735 0.000000 0.000000 0.000000 0.000000
95736 0.000000 0.000000 0.000000 0.000000
95737 0.000000 0.000000 0.000000 0.000000
95738 0.000000 0.000000 0.000000 0.000000
95739 0.000000 0.000000 0.000000 0.000000
95740 0.000000 0.000000 0.000000 0.000000
95741 0.000000 0.000000 0.000000 0.000000
95742 0.000000 0.000000 0.000000 0.000000
95743 0.000000 0.000000 0.000000 0.000000
95744 0.000000 0.000000 0.000000 0.000000
95745 0.000000 0.000000 0.000000 0.000000
95746 0.000000 0.000000 0.000000 0.000000
95747 0.000000 0.000000 0.000000 0.000000
95748 0.000000 0.000000 0.000000 0.000000
95749 0.000000 0.000000 0.000000 0.000000
95750 0.000000 0.000000 0.000000 0.000000
95751 0.000000 0.000000 0.000000 0.000000
95752 0.000000 0.000000 0.000000 0.000000
95753 0.000000 0.000000 0.000000 0.000000
95754 0.000000 0.000000 0.000000 0.000000
95755 0.000000 0.000000 0.000000 0.000000
95756 0.000000 0.000000 0.000000 0.000000
95757 0.000000 0.000000 0.000000 0.000000
95758 0.000000 0.000000 0.000000 0.000000
95759 0.000000 0.000000 0.000000 0.000000
95760 0.000000 0.000000 0.000000 0.000000
95761 0.000000 0.000000 0.000000 0.000000
95762 0.000000 0.000000 0.000000 0.000000
95763 0.000000 0.000000 0.000000 0.000000
95764 0.000000 0.000000 0.000000 0.000000
95765 0.000000 0.000000 0.000000 0.000000
95766 0.000000 0.000000 0.000000 0.000000
95767 0.000000 0.000000 0.000000 0.000000
95768 0.000000 0.000000 0.000000 0.000000
95769 0.000000 0.000000 0.000000 0.000000
95770 0.000000 0.000000 0.000000 0.000000
95771 0.000000 0.000000 0.000000 0.000000
95772 0.000000 0.000000 0.000000 0.000000
95773 0.000000 0.000000 0.000000 0.000000
95774 0.000000 0.000000 0.000000 0.000000
95775 0.000000 0.000000 0.000000 0.000000
95776 0.000000 0.000000 0.000000 0.000000
95777 0.000000 0.000000 0.000000 0.000000
95778 0.000000 0.000000 0.000000 0.000000
95779 0.000000 0.000000 0.000000 0.000000
95780 0.000000 0.000000 0.000000 0.000000
95781 0.000000 0.000000 0.000000 0.000000
95782 0.000000 0.000000 0.000000 0.000000
95783 0.000000 0.000000 0.000000 0.000000
95784 0.000000 0.000000 0.000000 0.000000
95785 0.000000 0.000000 0.000000 0.000000
95786 0.000000 0.000000 0.000000 0.000000
95787 0.000000 0.000000 0.000000 0.000000
95788 0.000000 0.000000 0.000000 0.000000
95789 0.000000 0.000000 0.000000 0.000000
95790 0.000000 0.000000 0.000000 0.000000
95791 0.000000 0.000000 0.000000 0.000000
95792 0.000000 0.000000 0.000000 0.000000
95793 0.000000 0.000000 0.000000 0.000000
95794 0.000000 0.000000 0.000000 0.000000
95795 0.000000 0.000000 0.000000 0.000000
95796 0.000000 0.000000 0.000000 0.000000
95797 0.000000 0.000000 0.000000 0.000000
95798 0.000000 0.000000 0.000000 0.000000
95799 0.000000 0.000000 0.000000 0.000000
95800 0.000000 0.000000 0.000000 0.000000
95801 0.000000 0.000000 0.000000 0.000000
95802 0.000000 0.000000 0.000000 0.000000
95803 0.000000 0.000000 0.000000 0.000000
95804 0.000000 0.000000 0.000000 0.000000
95805 0.000000 0.000000 0.000000 0.000000
95806 0.000000 0.000000 0.000000 0.000000
95807 0.000000 0.000000 0.000000 0.000000
95808 0.000000 0.000000 0.000000 0.000000
95809 0.000000 0.000000 0.000000 0.000000
95810 0.000000 0.000000 0.000000 0.000000
95811 0.000000 0.000000 0.000000 0.000000
95812 0.000000 0.000000 0.000000 0.000000
95813 0.000000 0.000000 0.000000 0.000000
95814 0.000000 0.000000 0.000000 0.000000
95815 0.000000 0.000000 0.000000 0.000000
95816 0.000000 0.000000 0.000000 0.000000
95817 0.000000 0.000000 0.000000 0.000000
95818 0.000000 0.000000 0.000000 0.000000
95819 0.000000 0.000000 0.000000 0.000000
95820 0.000000 0.000000 0.000000 0.000000
95821 0.000000 0.000000 0.000000 0.000000
95822 0.000000 0.000000 0.000000 0.000000
95823 0.000000 0.000000 0.000000 0.000000
95824 0.000000 0.000000 0.000000 0.000000
95825 0.000000 0.000000 0.000000 0.000000
95826 0.000000 0.000000 0.000000 0.000000
95827 0.000000 0.000000 0.000000 0.000000
95828 0.000000 0.000000 0.000000 0.000000
95829 0.000000 0.000000 0.000000 0.000000
95830 0.000000 0.000000 0.000000 0.000000
95831 0.000000 0.000000 0.000000 0.000000
95832 0.000000 0.000000 0.000000 0.000000
95833 0.000000 0.000000 0.000000 0.000000
95834 0.000000 0.000000 0.000000 0.000000
95835 0.000000 0.000000 0.000000 0.000000
95836 0.000000 0.000000 0.000000 0.000000
95837 0.000000 0.000000 0.000000 0.000000
95838 0.000000 0.000000 0.000000 0.000000
95839 0.000000 0.000000 0.000000 0.000000
95840 0.000000 0.000000 0.000000 0.000000
95841 0.000000 0.000000 0.000000 0.000000
95842 0.000000 0.000000 0.000000 0.000000
95843 0.000000 0.000000 0.000000 0.000000
95844 0.000000 0.000000 0.000000 0.000000
95845 0.000000 0.000000 0.000000 0.000000
95846 0.000000 0.000000 0.000000 0.000000
95847 0.000000 0.000000 0.000000 0.000000
95848 0.000000 0.000000 0.000000 0.000000
95849 0.000000 0.000000 0.000000 0.000000
95850 0.000000 0.000000 0.000000 0.000000
95851 0.000000 0.000000 0.000000 0.000000
95852 0.000000 0.000000 0.000000 0.000000
95853 0.000000 0.000000 0.000000 0.000000
95854 0.000000 0.000000 0.000000 0.000000
95855 0.000000 0.000000 0.000000 0.000000
95856 0.000000 0.000000 0.000000 0.000000
95857 0.000000 0.000000 0.000000 0.000000
95858 0.000000 0.000000 0.000000 0.000000
95859 0.000000 0.000000 0.000000 0.000000
95860 0.000000 0.000000 0.000000 0.000000
95861 0.000000 0.000000 0.000000 0.000000
95862 0.000000 0.000000 0.000000 0.000000
95863 0.000000 0.000000 0.000000 0.000000
95864 0.000000 0.000000 0.000000 0.000000
95865 0.000000 0.000000 0.000000 0.000000
95866 0.000000 0.000000 0.000000 0.000000
95867 0.000000 0.000000 0.000000 0.000000
95868 0.000000 0.000000 0.000000 0.000000
95869 0.000000 0.000000 0.000000 0.000000
95870 0.000000 0.000000 0.000000 0.000000
95871 0.000000 0.000000 0.000000 0.000000
95872 0.000000 0.000000 0.000000 0.000000
95873 0.000000 0.000000 0.000000 0.000000
95874 0.000000 0.000000 0.000000 0.000000
95875 0.000000 0.000000 0.000000 0.000000
95876 0.000000 0.000000 0.000000 0.000000
95877 0.000000 0.000000 0.000000 0.000000
95878 0.000000 0.000000 0.000000 0.000000
95879 0.000000 0.000000 0.000000 0.000000
95880 0.000000 0.000000 0.000000 0.000000
95881 0.000000 0.000000 0.000000 0.000000
95882 0.000000 0.000000 0.000000 0.000000
95883 0.000000 0.000000 0.000000 0.000000
95884 0.000000 0.000000 0.000000 0.000000
95885 0.000000 0.000000 0.000000 0.000000
95886 0.000000 0.000000 0.000000 0.000000
95887 0.000000 0.000000 0.000000 0.000000
95888 0.000000 0.000000 0.000000 0.000000
95889 0.000000 0.000000 0.000000 0.000000
95890 0.000000 0.000000 0.000000 0.000000
95891 0.000000 0.000000 0.000000 0.000000
95892 0.000000 0.000000 0.000000 0.000000
95893 0.000000 0.000000 0.000000 0.000000
95894 0.000000 0.000000 0.000000 0.000000
95895 0.000000 0.000000 0.000000 0.000000
95896 0.000000 0.000000 0.000000 0.000000
95897 0.000000 0.000000 0.000000 0.000000
95898 0.000000 0.000000 0.000000 0.000000
95899 0.000000 0.000000 0.000000 0.000000
95900 0.000000 0.000000 0.000000 0.000000
95901 0.000000 0.000000 0.000000 0.000000
95902 0.000000 0.000000 0.000000 0.000000
95903 0.000000 0.000000 0.000000 0.000000
95904 0.000000 0.000000 0.000000 0.000000
95905 0.000000 0.000000 0.000000 0.000000
95906 0.000000 0.000000 0.000000 0.000000
95907 0.000000 0.000000 0.000000 0.000000
95908 0.000000 0.000000 0.000000 0.000000
95909 0.000000 0.000000 0.000000 0.000000
95910 0.000000 0.000000 0.000000 0.000000
95911 0.000000 0.000000 0.000000 0.000000
95912 0.000000 0.000000 0.000000 0.000000
95913 0.000000 0.000000 0.000000 0.000000
95914 0.000000 0.000000 0.000000 0.000000
95915 0.000000 0.000000 0.000000 0.000000
95916 0.000000 0.000000 0.000000 0.000000
95917 0.000000 0.000000 0.000000 0.000000
95918 0.000000 0.000000 0.000000 0.000000
95919 0.000000 0.000000 0.000000 0.000000
95920 0.000000 0.000000 0.000000 0.000000
95921 0.000000 0.000000 0.000000 0.000000
95922 0.000000 0.000000 0.000000 0.000000
95923 0.000000 0.000000 0.000000 0.000000
95924 0.000000 0.000000 0.000000 0.000000
95925 0.000000 0.000000 0.000000 0.000000
95926 0.000000 0.000000 0.000000 0.000000
95927 0.000000 0.000000 0.000000 0.000000
95928 0.000000 0.000000 0.000000 0.000000
95929 0.000000 0.000000 0.000000 0.000000
95930 0.000000 0.000000 0.000000 0.000000
95931 0.000000 0.000000 0.000000 0.000000
95932 0.000000 0.000000 0.000000 0.000000
95933 0.000000 0.000000 0.000000 0.000000
95934 0.000000 0.000000 0.000000 0.000000
95935 0.000000 0.000000 0.000000 0.000000
95936 0.000000 0.000000 0.000000 0.000000
95937 0.000000 0.000000 0.000000 0.000000
95938 0.000000 0.000000 0.000000 0.000000
95939 0.000000 0.000000 0.000000 0.000000
95940 0.000000 0.000000 0.000000 0.000000
95941 0.000000 0.000000 0.000000 0.000000
95942 0.000000 0.000000 0.000000 0.000000
95943 0.000000 0.000000 0.000000 0.000000
95944 0.000000 0.000000 0.000000 0.000000
95945 0.000000 0.000000 0.000000 0.000000
95946 0.000000 0.000000 0.000000 0.000000
95947 0.000000 0.000000 0.000000 0.000000
95948 0.000000 0.000000 0.000000 0.000000
95949 0.000000 0.000000 0.000000 0.000000
95950 0.000000 0.000000 0.000000 0.000000
95951 0.000000 0.000000 0.000000 0.000000
95952 0.000000 0.000000 0.000000 0.000000
95953 0.000000 0.000000 0.000000 0.000000
95954 0.000000 0.000000 0.000000 0.000000
95955 0.000000 0.000000 0.000000 0.000000
95956 0.000000 0.000000 0.000000 0.000000
95957 0.000000 0.000000 0.000000 0.000000
95958 0.000000 0.000000 0.000000 0.000000
95959 0.000000 0.000000 0.000000 0.000000
95960 0.000000 0.000000 0.000000 0.000000
95961 0.000000 0.000000 0.000000 0.000000
95962 0.000000 0.000000 0.000000 0.000000
95963 0.000000 0.000000 0.000000 0.000000
95964 0.000000 0.000000 0.000000 0.000000
95965 0.000000 0.000000 0.000000 0.000000
95966 0.000000 0.000000 0.000000 0.000000
95967 0.000000 0.000000 0.000000 0.000000
95968 0.000000 0.000000 0.000000 0.000000
95969 0.000000 0.000000 0.000000 0.000000
95970 0.000000 0.000000 0.000000 0.000000
95971 0.000000 0.000000 0.000000 0.000000
95972 0.000000 0.000000 0.000000 0.000000
95973 0.000000 0.000000 0.000000 0.000000
95974 0.000000 0.000000 0.000000 0.000000
95975 0.000000 0.000000 0.000000 0.000000
95976 0.000000 0.000000 0.000000 0.000000
95977 0.000000 0.000000 0.000000 0.000000
95978 0.000000 0.000000 0.000000 0.000000
95979 0.000000 0.000000 0.000000 0.000000
95980 0.000000 0.000000 0.000000 0.000000
95981 0.000000 0.000000 0.000000 0.000000
95982 0.000000 0.000000 0.000000 0.000000
95983 0.000000 0.000000 0.000000 0.000000
95984 0.000000 0.000000 0.000000 0.000000
95985 0.000000 0.000000 0.000000 0.000000
95986 0.000000 0.000000 0.000000 0.000000
95987 0.000000 0.000000 0.000000 0.000000
95988 0.000000 0.000000 0.000000 0.000000
95989 0.000000 0.000000 0.000000 0.000000
95990 0.000000 0.000000 0.000000 0.000000
95991 0.000000 0.000000 0.000000 0.000000
95992 0.000000 0.000000 0.000000 0.000000
95993 0.000000 0.000000 0.000000 0.000000
95994 0.000000 0.000000 0.000000 0.000000
95995 0.000000 0.000000 0.000000 0.000000
95996 0.000000 0.000000 0.000000 0.000000
95997 0.000000 0.000000 0.000000 0.000000
95998 0.000000 0.000000 0.000000 0.000000
95999 0.000000 0.000000 0.000000 0.000000
96000 0.000000 0.000000 0.000000 0.000000
96001 0.000000 0.000000 0.000000 0.000000
96002 0.000000 0.000000 0.000000 0.000000
96003 0.000000 0.000000 0.000000 0.000000
96004 0.000000 0.000000 0.000000 0.000000
96005 0.000000 0.000000 0.000000 0.000000
96006 0.000000 0.000000 0.000000 0.000000
96007 0.000000 0.000000 0.000000 0.000000
96008 0.000000 0.000000 0.000000 0.000000
96009 0.000000 0.000000 0.000000 0.000000
96010 0.000000 0.000000 0.000000 0.000000
96011 0.000000 0.000000 0.000000 0.000000
96012 0.000000 0.000000 0.000000 0.000000
96013 0.000000 0.000000 0.000000 0.000000
96014 0.000000 0.000000 0.000000 0.000000
96015 0.000000 0.000000 0.000000 0.000000
96016 0.000000 0.000000 0.000000 0.000000
96017 0.000000 0.000000 0.000000 0.000000
96018 0.000000 0.000000 0.000000 0.000000
96019 0.000000 0.000000 0.000000 0.000000
96020 0.000000 0.000000 0.000000 0.000000
96021 0.000000 0.000000 0.000000 0.000000
96022 0.000000 0.000000 0.000000 0.000000
96023 0.000000 0.000000 0.000000 0.000000
96024 0.000000 0.000000 0.000000 0.000000
96025 0.000000 0.000000 0.000000 0.000000
96026 0.000000 0.000000 0.000000 0.000000
96027 0.000000 0.000000 0.000000 0.000000
96028 0.000000 0.000000 0.000000 0.000000
96029 0.000000 0.000000 0.000000 0.000000
96030 0.000000 0.000000 0.000000 0.000000
96031 0.000000 0.000000 0.000000 0.000000
96032 0.000000 0.000000 0.000000 0.000000
96033 0.000000 0.000000 0.000000 0.000000
96034 0.000000 0.000000 0.000000 0.000000
96035 0.000000 0.000000 0.000000 0.000000
96036 0.000000 0.000000 0.000000 0.000000
96037 0.000000 0.000000 0.000000 0.000000
96038 0.000000 0.000000 0.000000 0.000000
96039 0.000000 0.000000 0.000000 0.000000
96040 0.000000 0.000000 0.000000 0.000000
96041 0.000000 0.000000 0.000000 0.000000
96042 0.000000 0.000000 0.000000 0.000000
96043 0.000000 0.000000 0.000000 0.000000
96044 0.000000 0.000000 0.000000 0.000000
96045 0.000000 0.000000 0.000000 0.000000
96046 0.000000 0.000000 0.000000 0.000000
96047 0.000000 0.000000 0.000000 0.000000
96048 0.000000 0.000000 0.000000 0.000000
96049 0.000000 0.000000 0.000000 0.000000
96050 0.000000 0.000000 0.000000 0.000000
96051 0.000000 0.000000 0.000000 0.000000
96052 0.000000 0.000000 0.000000 0.000000
96053 0.000000 0.000000 0.000000 0.000000
96054 0.000000 0.000000 0.000000 0.000000
96055 0.000000 0.000000 0.000000 0.000000
96056 0.000000 0.000000 0.000000 0.000000
96057 0.000000 0.000000 0.000000 0.000000
96058 0.000000 0.000000 0.000000 0.000000
96059 0.000000 0.000000 0.000000 0.000000
96060 0.000000 0.000000 0.000000 0.000000
96061 0.000000 0.000000 0.000000 0.000000
96062 0.000000 0.000000 0.000000 0.000000
96063 0.000000 0.000000 0.000000 0.000000
96064 0.000000 0.000000 0.000000 0.000000
96065 0.000000 0.000000 0.000000 0.000000
96066 0.000000 0.000000 0.000000 0.000000
96067 0.000000 0.000000 0.000000 0.000000
96068 0.000000 0.000000 0.000000 0.000000
96069 0.000000 0.000000 0.000000 0.000000
96070 0.000000 0.000000 0.000000 0.000000
96071 0.000000 0.000000 0.000000 0.000000
96072 0.000000 0.000000 0.000000 0.000000
96073 0.000000 0.000000 0.000000 0.000000
96074 0.000000 0.000000 0.000000 0.000000
96075 0.000000 0.000000 0.000000 0.000000
96076 0.000000 0.000000 0.000000 0.000000
96077 0.000000 0.000000 0.000000 0.000000
96078 0.000000 0.000000 0.000000 0.000000
96079 0.000000 0.000000 0.000000 0.000000
96080 0.000000 0.000000 0.000000 0.000000
96081 0.000000 0.000000 0.000000 0.000000
96082 0.000000 0.000000 0.000000 0.000000
96083 0.000000 0.000000 0.000000 0.000000
96084 0.000000 0.000000 0.000000 0.000000
96085 0.000000 0.000000 0.000000 0.000000
96086 0.000000 0.000000 0.000000 0.000000
96087 0.000000 0.000000 0.000000 0.000000
96088 0.000000 0.000000 0.000000 0.000000
96089 0.000000 0.000000 0.000000 0.000000
96090 0.000000 0.000000 0.000000 0.000000
96091 0.000000 0.000000 0.000000 0.000000
96092 0.000000 0.000000 0.000000 0.000000
96093 0.000000 0.000000 0.000000 0.000000
96094 0.000000 0.000000 0.000000 0.000000
96095 0.000000 0.000000 0.000000 0.000000
96096 0.000000 0.000000 0.000000 0.000000
96097 0.000000 0.000000 0.000000 0.000000
96098 0.000000 0.000000 0.000000 0.000000
96099 0.000000 0.000000 0.000000 0.000000
96100 0.000000 0.000000 0.000000 0.000000
96101 0.000000 0.000000 0.000000 0.000000
96102 0.000000 0.000000 0.000000 0.000000
96103 0.000000 0.000000 0.000000 0.000000
96104 0.000000 0.000000 0.000000 0.000000
96105 0.000000 0.000000 0.000000 0.000000
96106 0.000000 0.000000 0.000000 0.000000
96107 0.000000 0.000000 0.000000 0.000000
96108 0.000000 0.000000 0.000000 0.000000
96109 0.000000 0.000000 0.000000 0.000000
96110 0.000000 0.000000 0.000000 0.000000
96111 0.000000 0.000000 0.000000 0.000000
96112 0.000000 0.000000 0.000000 0.000000
96113 0.000000 0.000000 0.000000 0.000000
96114 0.000000 0.000000 0.000000 0.000000
96115 0.000000 0.000000 0.000000 0.000000
96116 0.000000 0.000000 0.000000 0.000000
96117 0.000000 0.000000 0.000000 0.000000
96118 0.000000 0.000000 0.000000 0.000000
96119 0.000000 0.000000 0.000000 0.000000
96120 0.000000 0.000000 0.000000 0.000000
96121 0.000000 0.000000 0.000000 0.000000
96122 0.000000 0.000000 0.000000 0.000000
96123 0.000000 0.000000 0.000000 0.000000
96124 0.000000 0.000000 0.000000 0.000000
96125 0.000000 0.000000 0.000000 0.000000
96126 0.000000 0.000000 0.000000 0.000000
96127 0.000000 0.000000 0.000000 0.000000
96128 0.000000 0.000000 0.000000 0.000000
96129 0.000000 0.000000 0.000000 0.000000
96130 0.000000 0.000000 0.000000 0.000000
96131 0.000000 0.000000 0.000000 0.000000
96132 0.000000 0.000000 0.000000 0.000000
96133 0.000000 0.000000 0.000000 0.000000
96134 0.000000 0.000000 0.000000 0.000000
96135 0.000000 0.000000 0.000000 0.000000
96136 0.000000 0.000000 0.000000 0.000000
96137 0.000000 0.000000 0.000000 0.000000
96138 0.000000 0.000000 0.000000 0.000000
96139 0.000000 0.000000 0.000000 0.000000
96140 0.000000 0.000000 0.000000 0.000000
96141 0.000000 0.000000 0.000000 0.000000
96142 0.000000 0.000000 0.000000 0.000000
96143 0.000000 0.000000 0.000000 0.000000
96144 0.000000 0.000000 0.000000 0.000000
96145 0.000000 0.000000 0.000000 0.000000
96146 0.000000 0.000000 0.000000 0.000000
96147 0.000000 0.000000 0.000000 0.000000
96148 0.000000 0.000000 0.000000 0.000000
96149 0.000000 0.000000 0.000000 0.000000
96150 0.000000 0.000000 0.000000 0.000000
96151 0.000000 0.000000 0.000000 0.000000
96152 0.000000 0.000000 0.000000 0.000000
96153 0.000000 0.000000 0.000000 0.000000
96154 0.000000 0.000000 0.000000 0.000000
96155 0.000000 0.000000 0.000000 0.000000
96156 0.000000 0.000000 0.000000 0.000000
96157 0.000000 0.000000 0.000000 0.000000
96158 0.000000 0.000000 0.000000 0.000000
96159 0.000000 0.000000 0.000000 0.000000
96160 0.000000 0.000000 0.000000 0.000000
96161 0.000000 0.000000 0.000000 0.000000
96162 0.000000 0.000000 0.000000 0.000000
96163 0.000000 0.000000 0.000000 0.000000
96164 0.000000 0.000000 0.000000 0.000000
96165 0.000000 0.000000 0.000000 0.000000
96166 0.000000 0.000000 0.000000 0.000000
96167 0.000000 0.000000 0.000000 0.000000
96168 0.000000 0.000000 0.000000 0.000000
96169 0.000000 0.000000 0.000000 0.000000
96170 0.000000 0.000000 0.000000 0.000000
96171 0.000000 0.000000 0.000000 0.000000
96172 0.000000 0.000000 0.000000 0.000000
96173 0.000000 0.000000 0.000000 0.000000
96174 0.000000 0.000000 0.000000 0.000000
96175 0.000000 0.000000 0.000000 0.000000
96176 0.000000 0.000000 0.000000 0.000000
96177 0.000000 0.000000 0.000000 0.000000
96178 0.000000 0.000000 0.000000 0.000000
96179 0.000000 0.000000 0.000000 0.000000
96180 0.000000 0.000000 0.000000 0.000000
96181 0.000000 0.000000 0.000000 0.000000
96182 0.000000 0.000000 0.000000 0.000000
96183 0.000000 0.000000 0.000000 0.000000
96184 0.000000 0.000000 0.000000 0.000000
96185 0.000000 0.000000 0.000000 0.000000
96186 0.000000 0.000000 0.000000 0.000000
96187 0.000000 0.000000 0.000000 0.000000
96188 0.000000 0.000000 0.000000 0.000000
96189 0.000000 0.000000 0.000000 0.000000
96190 0.000000 0.000000 0.000000 0.000000
96191 0.000000 0.000000 0.000000 0.000000
96192 0.000000 0.000000 0.000000 0.000000
96193 0.000000 0.000000 0.000000 0.000000
96194 0.000000 0.000000 0.000000 0.000000
96195 0.000000 0.000000 0.000000 0.000000
96196 0.000000 0.000000 0.000000 0.000000
96197 0.000000 0.000000 0.000000 0.000000
96198 0.000000 0.000000 0.000000 0.000000
96199 0.000000 0.000000 0.000000 0.000000
96200 0.000000 0.000000 0.000000 0.000000
96201 0.000000 0.000000 0.000000 0.000000
96202 0.000000 0.000000 0.000000 0.000000
96203 0.000000 0.000000 0.000000 0.000000
96204 0.000000 0.000000 0.000000 0.000000
96205 0.000000 0.000000 0.000000 0.000000
96206 0.000000 0.000000 0.000000 0.000000
96207 0.000000 0.000000 0.000000 0.000000
96208 0.000000 0.000000 0.000000 0.000000
96209 0.000000 0.000000 0.000000 0.000000
96210 0.000000 0.000000 0.000000 0.000000
96211 0.000000 0.000000 0.000000 0.000000
96212 0.000000 0.000000 0.000000 0.000000
96213 0.000000 0.000000 0.000000 0.000000
96214 0.000000 0.000000 0.000000 0.000000
96215 0.000000 0.000000 0.000000 0.000000
96216 0.000000 0.000000 0.000000 0.000000
96217 0.000000 0.000000 0.000000 0.000000
96218 0.000000 0.000000 0.000000 0.000000
96219 0.000000 0.000000 0.000000 0.000000
96220 0.000000 0.000000 0.000000 0.000000
96221 0.000000 0.000000 0.000000 0.000000
96222 0.000000 0.000000 0.000000 0.000000
96223 0.000000 0.000000 0.000000 0.000000
96224 0.000000 0.000000 0.000000 0.000000
96225 0.000000 0.000000 0.000000 0.000000
96226 0.000000 0.000000 0.000000 0.000000
96227 0.000000 0.000000 0.000000 0.000000
96228 0.000000 0.000000 0.000000 0.000000
96229 0.000000 0.000000 0.000000 0.000000
96230 0.000000 0.000000 0.000000 0.000000
96231 0.000000 0.000000 0.000000 0.000000
96232 0.000000 0.000000 0.000000 0.000000
96233 0.000000 0.000000 0.000000 0.000000
96234 0.000000 0.000000 0.000000 0.000000
96235 0.000000 0.000000 0.000000 0.000000
96236 0.000000 0.000000 0.000000 0.000000
96237 0.000000 0.000000 0.000000 0.000000
96238 0.000000 0.000000 0.000000 0.000000
96239 0.000000 0.000000 0.000000 0.000000
96240 0.000000 0.000000 0.000000 0.000000
96241 0.000000 0.000000 0.000000 0.000000
96242 0.000000 0.000000 0.000000 0.000000
96243 0.000000 0.000000 0.000000 0.000000
96244 0.000000 0.000000 0.000000 0.000000
96245 0.000000 0.000000 0.000000 0.000000
96246 0.000000 0.000000 0.000000 0.000000
96247 0.000000 0.000000 0.000000 0.000000
96248 0.000000 0.000000 0.000000 0.000000
96249 0.000000 0.000000 0.000000 0.000000
96250 0.000000 0.000000 0.000000 0.000000
96251 0.000000 0.000000 0.000000 0.000000
96252 0.000000 0.000000 0.000000 0.000000
96253 0.000000 0.000000 0.000000 0.000000
96254 0.000000 0.000000 0.000000 0.000000
96255 0.000000 0.000000 0.000000 0.000000
96256 0.000000 0.000000 0.000000 0.000000
96257 0.000000 0.000000 0.000000 0.000000
96258 0.000000 0.000000 0.000000 0.000000
96259 0.000000 0.000000 0.000000 0.000000
96260 0.000000 0.000000 0.000000 0.000000
96261 0.000000 0.000000 0.000000 0.000000
96262 0.000000 0.000000 0.000000 0.000000
96263 0.000000 0.000000 0.000000 0.000000
96264 0.000000 0.000000 0.000000 0.000000
96265 0.000000 0.000000 0.000000 0.000000
96266 0.000000 0.000000 0.000000 0.000000
96267 0.000000 0.000000 0.000000 0.000000
96268 0.000000 0.000000 0.000000 0.000000
96269 0.000000 0.000000 0.000000 0.000000
96270 0.000000 0.000000 0.000000 0.000000
96271 0.000000 0.000000 0.000000 0.000000
96272 0.000000 0.000000 0.000000 0.000000
96273 0.000000 0.000000 0.000000 0.000000
96274 0.000000 0.000000 0.000000 0.000000
96275 0.000000 0.000000 0.000000 0.000000
96276 0.000000 0.000000 0.000000 0.000000
96277 0.000000 0.000000 0.000000 0.000000
96278 0.000000 0.000000 0.000000 0.000000
96279 0.000000 0.000000 0.000000 0.000000
96280 0.000000 0.000000 0.000000 0.000000
96281 0.000000 0.000000 0.000000 0.000000
96282 0.000000 0.000000 0.000000 0.000000
96283 0.000000 0.000000 0.000000 0.000000
96284 0.000000 0.000000 0.000000 0.000000
96285 0.000000 0.000000 0.000000 0.000000
96286 0.000000 0.000000 0.000000 0.000000
96287 0.000000 0.000000 0.000000 0.000000
96288 0.000000 0.000000 0.000000 0.000000
96289 0.000000 0.000000 0.000000 0.000000
96290 0.000000 0.000000 0.000000 0.000000
96291 0.000000 0.000000 0.000000 0.000000
96292 0.000000 0.000000 0.000000 0.000000
96293 0.000000 0.000000 0.000000 0.000000
96294 0.000000 0.000000 0.000000 0.000000
96295 0.000000 0.000000 0.000000 0.000000
96296 0.000000 0.000000 0.000000 0.000000
96297 0.000000 0.000000 0.000000 0.000000
96298 0.000000 0.000000 0.000000 0.000000
96299 0.000000 0.000000 0.000000 0.000000
96300 0.000000 0.000000 0.000000 0.000000
96301 0.000000 0.000000 0.000000 0.000000
96302 0.000000 0.000000 0.000000 0.000000
96303 0.000000 0.000000 0.000000 0.000000
96304 0.000000 0.000000 0.000000 0.000000
96305 0.000000 0.000000 0.000000 0.000000
96306 0.000000 0.000000 0.000000 0.000000
96307 0.000000 0.000000 0.000000 0.000000
96308 0.000000 0.000000 0.000000 0.000000
96309 0.000000 0.000000 0.000000 0.000000
96310 0.000000 0.000000 0.000000 0.000000
96311 0.000000 0.000000 0.000000 0.000000
96312 0.000000 0.000000 0.000000 0.000000
96313 0.000000 0.000000 0.000000 0.000000
96314 0.000000 0.000000 0.000000 0.000000
96315 0.000000 0.000000 0.000000 0.000000
96316 0.000000 0.000000 0.000000 0.000000
96317 0.000000 0.000000 0.000000 0.000000
96318 0.000000 0.000000 0.000000 0.000000
96319 0.000000 0.000000 0.000000 0.000000
96320 0.000000 0.000000 0.000000 0.000000
96321 0.000000 0.000000 0.000000 0.000000
96322 0.000000 0.000000 0.000000 0.000000
96323 0.000000 0.000000 0.000000 0.000000
96324 0.000000 0.000000 0.000000 0.000000
96325 0.000000 0.000000 0.000000 0.000000
96326 0.000000 0.000000 0.000000 0.000000
96327 0.000000 0.000000 0.000000 0.000000
96328 0.000000 0.000000 0.000000 0.000000
96329 0.000000 0.000000 0.000000 0.000000
96330 0.000000 0.000000 0.000000 0.000000
96331 0.000000 0.000000 0.000000 0.000000
96332 0.000000 0.000000 0.000000 0.000000
96333 0.000000 0.000000 0.000000 0.000000
96334 0.000000 0.000000 0.000000 0.000000
96335 0.000000 0.000000 0.000000 0.000000
96336 0.000000 0.000000 0.000000 0.000000
96337 0.000000 0.000000 0.000000 0.000000
96338 0.000000 0.000000 0.000000 0.000000
96339 0.000000 0.000000 0.000000 0.000000
96340 0.000000 0.000000 0.000000 0.000000
96341 0.000000 0.000000 0.000000 0.000000
96342 0.000000 0.000000 0.000000 0.000000
96343 0.000000 0.000000 0.000000 0.000000
96344 0.000000 0.000000 0.000000 0.000000
96345 0.000000 0.000000 0.000000 0.000000
96346 0.000000 0.000000 0.000000 0.000000
96347 0.000000 0.000000 0.000000 0.000000
96348 0.000000 0.000000 0.000000 0.000000
96349 0.000000 0.000000 0.000000 0.000000
96350 0.000000 0.000000 0.000000 0.000000
96351 0.000000 0.000000 0.000000 0.000000
96352 0.000000 0.000000 0.000000 0.000000
96353 0.000000 0.000000 0.000000 0.000000
96354 0.000000 0.000000 0.000000 0.000000
96355 0.000000 0.000000 0.000000 0.000000
96356 0.000000 0.000000 0.000000 0.000000
96357 0.000000 0.000000 0.000000 0.000000
96358 0.000000 0.000000 0.000000 0.000000
96359 0.000000 0.000000 0.000000 0.000000
96360 0.000000 0.000000 0.000000 0.000000
96361 0.000000 0.000000 0.000000 0.000000
96362 0.000000 0.000000 0.000000 0.000000
96363 0.000000 0.000000 0.000000 0.000000
96364 0.000000 0.000000 0.000000 0.000000
96365 0.000000 0.000000 0.000000 0.000000
96366 0.000000 0.000000 0.000000 0.000000
96367 0.000000 0.000000 0.000000 0.000000
96368 0.000000 0.000000 0.000000 0.000000
96369 0.000000 0.000000 0.000000 0.000000
96370 0.000000 0.000000 0.000000 0.000000
96371 0.000000 0.000000 0.000000 0.000000
96372 0.000000 0.000000 0.000000 0.000000
96373 0.000000 0.000000 0.000000 0.000000
96374 0.000000 0.000000 0.000000 0.000000
96375 0.000000 0.000000 0.000000 0.000000
96376 0.000000 0.000000 0.000000 0.000000
96377 0.000000 0.000000 0.000000 0.000000
96378 0.000000 0.000000 0.000000 0.000000
96379 0.000000 0.000000 0.000000 0.000000
96380 0.000000 0.000000 0.000000 0.000000
96381 0.000000 0.000000 0.000000 0.000000
96382 0.000000 0.000000 0.000000 0.000000
96383 0.000000 0.000000 0.000000 0.000000
96384 0.000000 0.000000 0.000000 0.000000
96385 0.000000 0.000000 0.000000 0.000000
96386 0.000000 0.000000 0.000000 0.000000
96387 0.000000 0.000000 0.000000 0.000000
96388 0.000000 0.000000 0.000000 0.000000
96389 0.000000 0.000000 0.000000 0.000000
96390 0.000000 0.000000 0.000000 0.000000
96391 0.000000 0.000000 0.000000 0.000000
96392 0.000000 0.000000 0.000000 0.000000
96393 0.000000 0.000000 0.000000 0.000000
96394 0.000000 0.000000 0.000000 0.000000
96395 0.000000 0.000000 0.000000 0.000000
96396 0.000000 0.000000 0.000000 0.000000
96397 0.000000 0.000000 0.000000 0.000000
96398 0.000000 0.000000 0.000000 0.000000
96399 0.000000 0.000000 0.000000 0.000000
96400 0.000000 0.000000 0.000000 0.000000
96401 0.000000 0.000000 0.000000 0.000000
96402 0.000000 0.000000 0.000000 0.000000
96403 0.000000 0.000000 0.000000 0.000000
96404 0.000000 0.000000 0.000000 0.000000
96405 0.000000 0.000000 0.000000 0.000000
96406 0.000000 0.000000 0.000000 0.000000
96407 0.000000 0.000000 0.000000 0.000000
96408 0.000000 0.000000 0.000000 0.000000
96409 0.000000 0.000000 0.000000 0.000000
96410 0.000000 0.000000 0.000000 0.000000
96411 0.000000 0.000000 0.000000 0.000000
96412 0.000000 0.000000 0.000000 0.000000
96413 0.000000 0.000000 0.000000 0.000000
96414 0.000000 0.000000 0.000000 0.000000
96415 0.000000 0.000000 0.000000 0.000000
96416 0.000000 0.000000 0.000000 0.000000
96417 0.000000 0.000000 0.000000 0.000000
96418 0.000000 0.000000 0.000000 0.000000
96419 0.000000 0.000000 0.000000 0.000000
96420 0.000000 0.000000 0.000000 0.000000
96421 0.000000 0.000000 0.000000 0.000000
96422 0.000000 0.000000 0.000000 0.000000
96423 0.000000 0.000000 0.000000 0.000000
96424 0.000000 0.000000 0.000000 0.000000
96425 0.000000 0.000000 0.000000 0.000000
96426 0.000000 0.000000 0.000000 0.000000
96427 0.000000 0.000000 0.000000 0.000000
96428 0.000000 0.000000 0.000000 0.000000
96429 0.000000 0.000000 0.000000 0.000000
96430 0.000000 0.000000 0.000000 0.000000
96431 0.000000 0.000000 0.000000 0.000000
96432 0.000000 0.000000 0.000000 0.000000
96433 0.000000 0.000000 0.000000 0.000000
96434 0.000000 0.000000 0.000000 0.000000
96435 0.000000 0.000000 0.000000 0.000000
96436 0.000000 0.000000 0.000000 0.000000
96437 0.000000 0.000000 0.000000 0.000000
96438 0.000000 0.000000 0.000000 0.000000
96439 0.000000 0.000000 0.000000 0.000000
96440 0.000000 0.000000 0.000000 0.000000
96441 0.000000 0.000000 0.000000 0.000000
96442 0.000000 0.000000 0.000000 0.000000
96443 0.000000 0.000000 0.000000 0.000000
96444 0.000000 0.000000 0.000000 0.000000
96445 0.000000 0.000000 0.000000 0.000000
96446 0.000000 0.000000 0.000000 0.000000
96447 0.000000 0.000000 0.000000 0.000000
96448 0.000000 0.000000 0.000000 0.000000
96449 0.000000 0.000000 0.000000 0.000000
96450 0.000000 0.000000 0.000000 0.000000
96451 0.000000 0.000000 0.000000 0.000000
96452 0.000000 0.000000 0.000000 0.000000
96453 0.000000 0.000000 0.000000 0.000000
96454 0.000000 0.000000 0.000000 0.000000
96455 0.000000 0.000000 0.000000 0.000000
96456 0.000000 0.000000 0.000000 0.000000
96457 0.000000 0.000000 0.000000 0.000000
96458 0.000000 0.000000 0.000000 0.000000
96459 0.000000 0.000000 0.000000 0.000000
96460 0.000000 0.000000 0.000000 0.000000
96461 0.000000 0.000000 0.000000 0.000000
96462 0.000000 0.000000 0.000000 0.000000
96463 0.000000 0.000000 0.000000 0.000000
96464 0.000000 0.000000 0.000000 0.000000
96465 0.000000 0.000000 0.000000 0.000000
96466 0.000000 0.000000 0.000000 0.000000
96467 0.000000 0.000000 0.000000 0.000000
96468 0.000000 0.000000 0.000000 0.000000
96469 0.000000 0.000000 0.000000 0.000000
96470 0.000000 0.000000 0.000000 0.000000
96471 0.000000 0.000000 0.000000 0.000000
96472 0.000000 0.000000 0.000000 0.000000
96473 0.000000 0.000000 0.000000 0.000000
96474 0.000000 0.000000 0.000000 0.000000
96475 0.000000 0.000000 0.000000 0.000000
96476 0.000000 0.000000 0.000000 0.000000
96477 0.000000 0.000000 0.000000 0.000000
96478 0.000000 0.000000 0.000000 0.000000
96479 0.000000 0.000000 0.000000 0.000000
96480 0.000000 0.000000 0.000000 0.000000
96481 0.000000 0.000000 0.000000 0.000000
96482 0.000000 0.000000 0.000000 0.000000
96483 0.000000 0.000000 0.000000 0.000000
96484 0.000000 0.000000 0.000000 0.000000
96485 0.000000 0.000000 0.000000 0.000000
96486 0.000000 0.000000 0.000000 0.000000
96487 0.000000 0.000000 0.000000 0.000000
96488 0.000000 0.000000 0.000000 0.000000
96489 0.000000 0.000000 0.000000 0.000000
96490 0.000000 0.000000 0.000000 0.000000
96491 0.000000 0.000000 0.000000 0.000000
96492 0.000000 0.000000 0.000000 0.000000
96493 0.000000 0.000000 0.000000 0.000000
96494 0.000000 0.000000 0.000000 0.000000
96495 0.000000 0.000000 0.000000 0.000000
96496 0.000000 0.000000 0.000000 0.000000
96497 0.000000 0.000000 0.000000 0.000000
96498 0.000000 0.000000 0.000000 0.000000
96499 0.000000 0.000000 0.000000 0.000000
96500 0.000000 0.000000 0.000000 0.000000
96501 0.000000 0.000000 0.000000 0.000000
96502 0.000000 0.000000 0.000000 0.000000
96503 0.000000 0.000000 0.000000 0.000000
96504 0.000000 0.000000 0.000000 0.000000
96505 0.000000 0.000000 0.000000 0.000000
96506 0.000000 0.000000 0.000000 0.000000
96507 0.000000 0.000000 0.000000 0.000000
96508 0.000000 0.000000 0.000000 0.000000
96509 0.000000 0.000000 0.000000 0.000000
96510 0.000000 0.000000 0.000000 0.000000
96511 0.000000 0.000000 0.000000 0.000000
96512 0.000000 0.000000 0.000000 0.000000
96513 0.000000 0.000000 0.000000 0.000000
96514 0.000000 0.000000 0.000000 0.000000
96515 0.000000 0.000000 0.000000 0.000000
96516 0.000000 0.000000 0.000000 0.000000
96517 0.000000 0.000000 0.000000 0.000000
96518 0.000000 0.000000 0.000000 0.000000
96519 0.000000 0.000000 0.000000 0.000000
96520 0.000000 0.000000 0.000000 0.000000
96521 0.000000 0.000000 0.000000 0.000000
96522 0.000000 0.000000 0.000000 0.000000
96523 0.000000 0.000000 0.000000 0.000000
96524 0.000000 0.000000 0.000000 0.000000
96525 0.000000 0.000000 0.000000 0.000000
96526 0.000000 0.000000 0.000000 0.000000
96527 0.000000 0.000000 0.000000 0.000000
96528 0.000000 0.000000 0.000000 0.000000
96529 0.000000 0.000000 0.000000 0.000000
96530 0.000000 0.000000 0.000000 0.000000
96531 0.000000 0.000000 0.000000 0.000000
96532 0.000000 0.000000 0.000000 0.000000
96533 0.000000 0.000000 0.000000 0.000000
96534 0.000000 0.000000 0.000000 0.000000
96535 0.000000 0.000000 0.000000 0.000000
96536 0.000000 0.000000 0.000000 0.000000
96537 0.000000 0.000000 0.000000 0.000000
96538 0.000000 0.000000 0.000000 0.000000
96539 0.000000 0.000000 0.000000 0.000000
96540 0.000000 0.000000 0.000000 0.000000
96541 0.000000 0.000000 0.000000 0.000000
96542 0.000000 0.000000 0.000000 0.000000
96543 0.000000 0.000000 0.000000 0.000000
96544 0.000000 0.000000 0.000000 0.000000
96545 0.000000 0.000000 0.000000 0.000000
96546 0.000000 0.000000 0.000000 0.000000
96547 0.000000 0.000000 0.000000 0.000000
96548 0.000000 0.000000 0.000000 0.000000
96549 0.000000 0.000000 0.000000 0.000000
96550 0.000000 0.000000 0.000000 0.000000
96551 0.000000 0.000000 0.000000 0.000000
96552 0.000000 0.000000 0.000000 0.000000
96553 0.000000 0.000000 0.000000 0.000000
96554 0.000000 0.000000 0.000000 0.000000
96555 0.000000 0.000000 0.000000 0.000000
96556 0.000000 0.000000 0.000000 0.000000
96557 0.000000 0.000000 0.000000 0.000000
96558 0.000000 0.000000 0.000000 0.000000
96559 0.000000 0.000000 0.000000 0.000000
96560 0.000000 0.000000 0.000000 0.000000
96561 0.000000 0.000000 0.000000 0.000000
96562 0.000000 0.000000 0.000000 0.000000
96563 0.000000 0.000000 0.000000 0.000000
96564 0.000000 0.000000 0.000000 0.000000
96565 0.000000 0.000000 0.000000 0.000000
96566 0.000000 0.000000 0.000000 0.000000
96567 0.000000 0.000000 0.000000 0.000000
96568 0.000000 0.000000 0.000000 0.000000
96569 0.000000 0.000000 0.000000 0.000000
96570 0.000000 0.000000 0.000000 0.000000
96571 0.000000 0.000000 0.000000 0.000000
96572 0.000000 0.000000 0.000000 0.000000
96573 0.000000 0.000000 0.000000 0.000000
96574 0.000000 0.000000 0.000000 0.000000
96575 0.000000 0.000000 0.000000 0.000000
96576 0.000000 0.000000 0.000000 0.000000
96577 0.000000 0.000000 0.000000 0.000000
96578 0.000000 0.000000 0.000000 0.000000
96579 0.000000 0.000000 0.000000 0.000000
96580 0.000000 0.000000 0.000000 0.000000
96581 0.000000 0.000000 0.000000 0.000000
96582 0.000000 0.000000 0.000000 0.000000
96583 0.000000 0.000000 0.000000 0.000000
96584 0.000000 0.000000 0.000000 0.000000
96585 0.000000 0.000000 0.000000 0.000000
96586 0.000000 0.000000 0.000000 0.000000
96587 0.000000 0.000000 0.000000 0.000000
96588 0.000000 0.000000 0.000000 0.000000
96589 0.000000 0.000000 0.000000 0.000000
96590 0.000000 0.000000 0.000000 0.000000
96591 0.000000 0.000000 0.000000 0.000000
96592 0.000000 0.000000 0.000000 0.000000
96593 0.000000 0.000000 0.000000 0.000000
96594 0.000000 0.000000 0.000000 0.000000
96595 0.000000 0.000000 0.000000 0.000000
96596 0.000000 0.000000 0.000000 0.000000
96597 0.000000 0.000000 0.000000 0.000000
96598 0.000000 0.000000 0.000000 0.000000
96599 0.000000 0.000000 0.000000 0.000000
96600 0.000000 0.000000 0.000000 0.000000
96601 0.000000 0.000000 0.000000 0.000000
96602 0.000000 0.000000 0.000000 0.000000
96603 0.000000 0.000000 0.000000 0.000000
96604 0.000000 0.000000 0.000000 0.000000
96605 0.000000 0.000000 0.000000 0.000000
96606 0.000000 0.000000 0.000000 0.000000
96607 0.000000 0.000000 0.000000 0.000000
96608 0.000000 0.000000 0.000000 0.000000
96609 0.000000 0.000000 0.000000 0.000000
96610 0.000000 0.000000 0.000000 0.000000
96611 0.000000 0.000000 0.000000 0.000000
96612 0.000000 0.000000 0.000000 0.000000
96613 0.000000 0.000000 0.000000 0.000000
96614 0.000000 0.000000 0.000000 0.000000
96615 0.000000 0.000000 0.000000 0.000000
96616 0.000000 0.000000 0.000000 0.000000
96617 0.000000 0.000000 0.000000 0.000000
96618 0.000000 0.000000 0.000000 0.000000
96619 0.000000 0.000000 0.000000 0.000000
96620 0.000000 0.000000 0.000000 0.000000
96621 0.000000 0.000000 0.000000 0.000000
96622 0.000000 0.000000 0.000000 0.000000
96623 0.000000 0.000000 0.000000 0.000000
96624 0.000000 0.000000 0.000000 0.000000
96625 0.000000 0.000000 0.000000 0.000000
96626 0.000000 0.000000 0.000000 0.000000
96627 0.000000 0.000000 0.000000 0.000000
96628 0.000000 0.000000 0.000000 0.000000
96629 0.000000 0.000000 0.000000 0.000000
96630 0.000000 0.000000 0.000000 0.000000
96631 0.000000 0.000000 0.000000 0.000000
96632 0.000000 0.000000 0.000000 0.000000
96633 0.000000 0.000000 0.000000 0.000000
96634 0.000000 0.000000 0.000000 0.000000
96635 0.000000 0.000000 0.000000 0.000000
96636 0.000000 0.000000 0.000000 0.000000
96637 0.000000 0.000000 0.000000 0.000000
96638 0.000000 0.000000 0.000000 0.000000
96639 0.000000 0.000000 0.000000 0.000000
96640 0.000000 0.000000 0.000000 0.000000
96641 0.000000 0.000000 0.000000 0.000000
96642 0.000000 0.000000 0.000000 0.000000
96643 0.000000 0.000000 0.000000 0.000000
96644 0.000000 0.000000 0.000000 0.000000
96645 0.000000 0.000000 0.000000 0.000000
96646 0.000000 0.000000 0.000000 0.000000
96647 0.000000 0.000000 0.000000 0.000000
96648 0.000000 0.000000 0.000000 0.000000
96649 0.000000 0.000000 0.000000 0.000000
96650 0.000000 0.000000 0.000000 0.000000
96651 0.000000 0.000000 0.000000 0.000000
96652 0.000000 0.000000 0.000000 0.000000
96653 0.000000 0.000000 0.000000 0.000000
96654 0.000000 0.000000 0.000000 0.000000
96655 0.000000 0.000000 0.000000 0.000000
96656 0.000000 0.000000 0.000000 0.000000
96657 0.000000 0.000000 0.000000 0.000000
96658 0.000000 0.000000 0.000000 0.000000
96659 0.000000 0.000000 0.000000 0.000000
96660 0.000000 0.000000 0.000000 0.000000
96661 0.000000 0.000000 0.000000 0.000000
96662 0.000000 0.000000 0.000000 0.000000
96663 0.000000 0.000000 0.000000 0.000000
96664 0.000000 0.000000 0.000000 0.000000
96665 0.000000 0.000000 0.000000 0.000000
96666 0.000000 0.000000 0.000000 0.000000
96667 0.000000 0.000000 0.000000 0.000000
96668 0.000000 0.000000 0.000000 0.000000
96669 0.000000 0.000000 0.000000 0.000000
96670 0.000000 0.000000 0.000000 0.000000
96671 0.000000 0.000000 0.000000 0.000000
96672 0.000000 0.000000 0.000000 0.000000
96673 0.000000 0.000000 0.000000 0.000000
96674 0.000000 0.000000 0.000000 0.000000
96675 0.000000 0.000000 0.000000 0.000000
96676 0.000000 0.000000 0.000000 0.000000
96677 0.000000 0.000000 0.000000 0.000000
96678 0.000000 0.000000 0.000000 0.000000
96679 0.000000 0.000000 0.000000 0.000000
96680 0.000000 0.000000 0.000000 0.000000
96681 0.000000 0.000000 0.000000 0.000000
96682 0.000000 0.000000 0.000000 0.000000
96683 0.000000 0.000000 0.000000 0.000000
96684 0.000000 0.000000 0.000000 0.000000
96685 0.000000 0.000000 0.000000 0.000000
96686 0.000000 0.000000 0.000000 0.000000
96687 0.000000 0.000000 0.000000 0.000000
96688 0.000000 0.000000 0.000000 0.000000
96689 0.000000 0.000000 0.000000 0.000000
96690 0.000000 0.000000 0.000000 0.000000
96691 0.000000 0.000000 0.000000 0.000000
96692 0.000000 0.000000 0.000000 0.000000
96693 0.000000 0.000000 0.000000 0.000000
96694 0.000000 0.000000 0.000000 0.000000
96695 0.000000 0.000000 0.000000 0.000000
96696 0.000000 0.000000 0.000000 0.000000
96697 0.000000 0.000000 0.000000 0.000000
96698 0.000000 0.000000 0.000000 0.000000
96699 0.000000 0.000000 0.000000 0.000000
96700 0.000000 0.000000 0.000000 0.000000
96701 0.000000 0.000000 0.000000 0.000000
96702 0.000000 0.000000 0.000000 0.000000
96703 0.000000 0.000000 0.000000 0.000000
96704 0.000000 0.000000 0.000000 0.000000
96705 0.000000 0.000000 0.000000 0.000000
96706 0.000000 0.000000 0.000000 0.000000
96707 0.000000 0.000000 0.000000 0.000000
96708 0.000000 0.000000 0.000000 0.000000
96709 0.000000 0.000000 0.000000 0.000000
96710 0.000000 0.000000 0.000000 0.000000
96711 0.000000 0.000000 0.000000 0.000000
96712 0.000000 0.000000 0.000000 0.000000
96713 0.000000 0.000000 0.000000 0.000000
96714 0.000000 0.000000 0.000000 0.000000
96715 0.000000 0.000000 0.000000 0.000000
96716 0.000000 0.000000 0.000000 0.000000
96717 0.000000 0.000000 0.000000 0.000000
96718 0.000000 0.000000 0.000000 0.000000
96719 0.000000 0.000000 0.000000 0.000000
96720 0.000000 0.000000 0.000000 0.000000
96721 0.000000 0.000000 0.000000 0.000000
96722 0.000000 0.000000 0.000000 0.000000
96723 0.000000 0.000000 0.000000 0.000000
96724 0.000000 0.000000 0.000000 0.000000
96725 0.000000 0.000000 0.000000 0.000000
96726 0.000000 0.000000 0.000000 0.000000
96727 0.000000 0.000000 0.000000 0.000000
96728 0.000000 0.000000 0.000000 0.000000
96729 0.000000 0.000000 0.000000 0.000000
96730 0.000000 0.000000 0.000000 0.000000
96731 0.000000 0.000000 0.000000 0.000000
96732 0.000000 0.000000 0.000000 0.000000
96733 0.000000 0.000000 0.000000 0.000000
96734 0.000000 0.000000 0.000000 0.000000
96735 0.000000 0.000000 0.000000 0.000000
96736 0.000000 0.000000 0.000000 0.000000
96737 0.000000 0.000000 0.000000 0.000000
96738 0.000000 0.000000 0.000000 0.000000
96739 0.000000 0.000000 0.000000 0.000000
96740 0.000000 0.000000 0.000000 0.000000
96741 0.000000 0.000000 0.000000 0.000000
96742 0.000000 0.000000 0.000000 0.000000
96743 0.000000 0.000000 0.000000 0.000000
96744 0.000000 0.000000 0.000000 0.000000
96745 0.000000 0.000000 0.000000 0.000000
96746 0.000000 0.000000 0.000000 0.000000
96747 0.000000 0.000000 0.000000 0.000000
96748 0.000000 0.000000 0.000000 0.000000
96749 0.000000 0.000000 0.000000 0.000000
96750 0.000000 0.000000 0.000000 0.000000
96751 0.000000 0.000000 0.000000 0.000000
96752 0.000000 0.000000 0.000000 0.000000
96753 0.000000 0.000000 0.000000 0.000000
96754 0.000000 0.000000 0.000000 0.000000
96755 0.000000 0.000000 0.000000 0.000000
96756 0.000000 0.000000 0.000000 0.000000
96757 0.000000 0.000000 0.000000 0.000000
96758 0.000000 0.000000 0.000000 0.000000
96759 0.000000 0.000000 0.000000 0.000000
96760 0.000000 0.000000 0.000000 0.000000
96761 0.000000 0.000000 0.000000 0.000000
96762 0.000000 0.000000 0.000000 0.000000
96763 0.000000 0.000000 0.000000 0.000000
96764 0.000000 0.000000 0.000000 0.000000
96765 0.000000 0.000000 0.000000 0.000000
96766 0.000000 0.000000 0.000000 0.000000
96767 0.000000 0.000000 0.000000 0.000000
96768 0.000000 0.000000 0.000000 0.000000
96769 0.000000 0.000000 0.000000 0.000000
96770 0.000000 0.000000 0.000000 0.000000
96771 0.000000 0.000000 0.000000 0.000000
96772 0.000000 0.000000 0.000000 0.000000
96773 0.000000 0.000000 0.000000 0.000000
96774 0.000000 0.000000 0.000000 0.000000
96775 0.000000 0.000000 0.000000 0.000000
96776 0.000000 0.000000 0.000000 0.000000
96777 0.000000 0.000000 0.000000 0.000000
96778 0.000000 0.000000 0.000000 0.000000
96779 0.000000 0.000000 0.000000 0.000000
96780 0.000000 0.000000 0.000000 0.000000
96781 0.000000 0.000000 0.000000 0.000000
96782 0.000000 0.000000 0.000000 0.000000
96783 0.000000 0.000000 0.000000 0.000000
96784 0.000000 0.000000 0.000000 0.000000
96785 0.000000 0.000000 0.000000 0.000000
96786 0.000000 0.000000 0.000000 0.000000
96787 0.000000 0.000000 0.000000 0.000000
96788 0.000000 0.000000 0.000000 0.000000
96789 0.000000 0.000000 0.000000 0.000000
96790 0.000000 0.000000 0.000000 0.000000
96791 0.000000 0.000000 0.000000 0.000000
96792 0.000000 0.000000 0.000000 0.000000
96793 0.000000 0.000000 0.000000 0.000000
96794 0.000000 0.000000 0.000000 0.000000
96795 0.000000 0.000000 0.000000 0.000000
96796 0.000000 0.000000 0.000000 0.000000
96797 0.000000 0.000000 0.000000 0.000000
96798 0.000000 0.000000 0.000000 0.000000
96799 0.000000 0.000000 0.000000 0.000000
96800 0.000000 0.000000 0.000000 0.000000
96801 0.000000 0.000000 0.000000 0.000000
96802 0.000000 0.000000 0.000000 0.000000
96803 0.000000 0.000000 0.000000 0.000000
96804 0.000000 0.000000 0.000000 0.000000
96805 0.000000 0.000000 0.000000 0.000000
96806 0.000000 0.000000 0.000000 0.000000
96807 0.000000 0.000000 0.000000 0.000000
96808 0.000000 0.000000 0.000000 0.000000
96809 0.000000 0.000000 0.000000 0.000000
96810 0.000000 0.000000 0.000000 0.000000
96811 0.000000 0.000000 0.000000 0.000000
96812 0.000000 0.000000 0.000000 0.000000
96813 0.000000 0.000000 0.000000 0.000000
96814 0.000000 0.000000 0.000000 0.000000
96815 0.000000 0.000000 0.000000 0.000000
96816 0.000000 0.000000 0.000000 0.000000
96817 0.000000 0.000000 0.000000 0.000000
96818 0.000000 0.000000 0.000000 0.000000
96819 0.000000 0.000000 0.000000 0.000000
96820 0.000000 0.000000 0.000000 0.000000
96821 0.000000 0.000000 0.000000 0.000000
96822 0.000000 0.000000 0.000000 0.000000
96823 0.000000 0.000000 0.000000 0.000000
96824 0.000000 0.000000 0.000000 0.000000
96825 0.000000 0.000000 0.000000 0.000000
96826 0.000000 0.000000 0.000000 0.000000
96827 0.000000 0.000000 0.000000 0.000000
96828 0.000000 0.000000 0.000000 0.000000
96829 0.000000 0.000000 0.000000 0.000000
96830 0.000000 0.000000 0.000000 0.000000
96831 0.000000 0.000000 0.000000 0.000000
96832 0.000000 0.000000 0.000000 0.000000
96833 0.000000 0.000000 0.000000 0.000000
96834 0.000000 0.000000 0.000000 0.000000
96835 0.000000 0.000000 0.000000 0.000000
96836 0.000000 0.000000 0.000000 0.000000
96837 0.000000 0.000000 0.000000 0.000000
96838 0.000000 0.000000 0.000000 0.000000
96839 0.000000 0.000000 0.000000 0.000000
96840 0.000000 0.000000 0.000000 0.000000
96841 0.000000 0.000000 0.000000 0.000000
96842 0.000000 0.000000 0.000000 0.000000
96843 0.000000 0.000000 0.000000 0.000000
96844 0.000000 0.000000 0.000000 0.000000
96845 0.000000 0.000000 0.000000 0.000000
96846 0.000000 0.000000 0.000000 0.000000
96847 0.000000 0.000000 0.000000 0.000000
96848 0.000000 0.000000 0.000000 0.000000
96849 0.000000 0.000000 0.000000 0.000000
96850 0.000000 0.000000 0.000000 0.000000
96851 0.000000 0.000000 0.000000 0.000000
96852 0.000000 0.000000 0.000000 0.000000
96853 0.000000 0.000000 0.000000 0.000000
